 -13.000  -0.3382   0.13245   0.12955  -0.0464   1.0000   0.0461
 -12.900  -0.3347   0.13174   0.12884  -0.0462   1.0000   0.0464
 -12.800  -0.3319   0.13095   0.12805  -0.0461   1.0000   0.0467
 -12.700  -0.3297   0.13007   0.12719  -0.0461   1.0000   0.0470
 -12.600  -0.3281   0.12911   0.12623  -0.0461   1.0000   0.0474
 -12.500  -0.3271   0.12804   0.12517  -0.0462   1.0000   0.0479
 -12.400  -0.3270   0.12684   0.12398  -0.0464   1.0000   0.0484
 -12.300  -0.3289   0.12533   0.12248  -0.0468   1.0000   0.0492
 -12.200  -0.3723   0.11609   0.11327  -0.0533   1.0000   0.0508
 -12.100  -0.3889   0.10813   0.10528  -0.0532   1.0000   0.0406
 -12.000  -0.3883   0.10739   0.10456  -0.0529   1.0000   0.0408
 -11.900  -0.3877   0.10669   0.10387  -0.0526   1.0000   0.0409
 -11.800  -0.3871   0.10604   0.10323  -0.0522   1.0000   0.0410
 -11.700  -0.3867   0.10546   0.10266  -0.0518   1.0000   0.0412
 -11.600  -0.3862   0.10493   0.10214  -0.0513   1.0000   0.0414
 -11.500  -0.3856   0.10454   0.10177  -0.0507   1.0000   0.0417
 -11.400  -0.3833   0.10455   0.10179  -0.0499   1.0000   0.0422
 -11.300  -0.3790   0.10558   0.10284  -0.0491   1.0000   0.0464
 -11.200  -0.3795   0.10510   0.10238  -0.0484   1.0000   0.0466
 -11.100  -0.3802   0.10465   0.10194  -0.0476   1.0000   0.0469
 -11.000  -0.3810   0.10425   0.10156  -0.0468   1.0000   0.0473
 -10.900  -0.3813   0.10406   0.10139  -0.0459   1.0000   0.0481
 -10.800  -0.3734   0.10604   0.10339  -0.0443   1.0000   0.0528
 -10.700  -0.3789   0.10486   0.10223  -0.0438   1.0000   0.0529
 -10.600  -0.7247   0.02533   0.01951  -0.0969   0.9716   0.0400
 -10.500  -0.7131   0.02461   0.01874  -0.0975   0.9706   0.0404
 -10.400  -0.7004   0.02406   0.01820  -0.0983   0.9698   0.0408
 -10.300  -0.6868   0.02369   0.01783  -0.0991   0.9691   0.0412
 -10.200  -0.6727   0.02336   0.01751  -0.1000   0.9685   0.0417
 -10.100  -0.6585   0.02305   0.01718  -0.1009   0.9679   0.0421
 -10.000  -0.6440   0.02272   0.01682  -0.1018   0.9674   0.0427
  -9.900  -0.6294   0.02238   0.01644  -0.1027   0.9670   0.0432
  -9.700  -0.6125   0.02184   0.01580  -0.1020   0.9612   0.0442
  -9.600  -0.5996   0.02155   0.01543  -0.1025   0.9598   0.0448
  -9.500  -0.5860   0.02126   0.01505  -0.1032   0.9587   0.0453
  -9.400  -0.5731   0.02064   0.01445  -0.1039   0.9578   0.0460
  -9.300  -0.5589   0.02032   0.01415  -0.1048   0.9570   0.0465
  -9.200  -0.5444   0.02005   0.01389  -0.1056   0.9563   0.0472
  -9.100  -0.5300   0.01979   0.01362  -0.1064   0.9555   0.0478
  -9.000  -0.5157   0.01951   0.01331  -0.1072   0.9547   0.0485
  -8.900  -0.5012   0.01922   0.01298  -0.1079   0.9540   0.0492
  -8.800  -0.4868   0.01894   0.01264  -0.1087   0.9532   0.0499
  -8.600  -0.4681   0.01845   0.01205  -0.1080   0.9475   0.0511
  -8.500  -0.4574   0.01803   0.01166  -0.1081   0.9452   0.0518
  -8.400  -0.4450   0.01777   0.01141  -0.1085   0.9435   0.0525
  -8.300  -0.4322   0.01755   0.01120  -0.1089   0.9419   0.0533
  -8.200  -0.4192   0.01734   0.01098  -0.1093   0.9405   0.0542
  -8.100  -0.4059   0.01712   0.01073  -0.1097   0.9392   0.0551
  -8.000  -0.3927   0.01691   0.01047  -0.1101   0.9380   0.0560
  -7.900  -0.3820   0.01676   0.01026  -0.1100   0.9357   0.0568
  -7.800  -0.3744   0.01647   0.00996  -0.1093   0.9320   0.0575
  -7.700  -0.3647   0.01616   0.00968  -0.1091   0.9293   0.0584
  -7.600  -0.3535   0.01595   0.00948  -0.1092   0.9272   0.0592
  -7.500  -0.3417   0.01577   0.00929  -0.1093   0.9253   0.0601
  -7.400  -0.3297   0.01559   0.00910  -0.1095   0.9236   0.0612
  -7.300  -0.3175   0.01542   0.00889  -0.1096   0.9221   0.0623
  -7.200  -0.3067   0.01530   0.00872  -0.1095   0.9198   0.0634
  -7.100  -0.2980   0.01512   0.00852  -0.1090   0.9162   0.0643
  -7.000  -0.2886   0.01483   0.00826  -0.1087   0.9132   0.0655
  -6.900  -0.2777   0.01465   0.00810  -0.1087   0.9106   0.0665
  -6.800  -0.2664   0.01450   0.00794  -0.1087   0.9084   0.0677
  -6.700  -0.2548   0.01435   0.00776  -0.1087   0.9065   0.0690
  -6.600  -0.2430   0.01421   0.00758  -0.1088   0.9047   0.0703
  -6.500  -0.2331   0.01413   0.00746  -0.1085   0.9015   0.0714
  -6.400  -0.2240   0.01386   0.00722  -0.1081   0.8981   0.0729
  -6.300  -0.2136   0.01368   0.00707  -0.1080   0.8951   0.0743
  -6.200  -0.2026   0.01356   0.00693  -0.1079   0.8925   0.0758
  -6.100  -0.1912   0.01343   0.00679  -0.1079   0.8902   0.0774
  -6.000  -0.1794   0.01332   0.00664  -0.1079   0.8881   0.0791
  -5.900  -0.1690   0.01321   0.00650  -0.1077   0.8850   0.0805
  -5.800  -0.1597   0.01298   0.00631  -0.1074   0.8812   0.0824
  -5.700  -0.1492   0.01285   0.00619  -0.1073   0.8779   0.0841
  -5.600  -0.1381   0.01275   0.00607  -0.1072   0.8749   0.0860
  -5.500  -0.1266   0.01265   0.00594  -0.1071   0.8723   0.0880
  -5.300  -0.1056   0.01236   0.00564  -0.1069   0.8658   0.0923
  -5.200  -0.0952   0.01224   0.00554  -0.1067   0.8620   0.0944
  -5.100  -0.0843   0.01215   0.00544  -0.1066   0.8586   0.0967
  -5.000  -0.0729   0.01207   0.00532  -0.1065   0.8557   0.0991
  -4.900  -0.0615   0.01194   0.00516  -0.1065   0.8530   0.1017
  -4.800  -0.0513   0.01180   0.00506  -0.1063   0.8494   0.1045
  -4.700  -0.0408   0.01172   0.00499  -0.1062   0.8454   0.1072
  -4.600  -0.0299   0.01165   0.00489  -0.1061   0.8417   0.1101
  -4.500  -0.0186   0.01157   0.00478  -0.1060   0.8384   0.1129
  -4.400  -0.0075   0.01142   0.00464  -0.1060   0.8354   0.1165
  -4.300   0.0030   0.01134   0.00458  -0.1058   0.8314   0.1198
  -4.200   0.0137   0.01128   0.00451  -0.1057   0.8271   0.1232
  -4.100   0.0246   0.01119   0.00440  -0.1055   0.8232   0.1267
  -4.000   0.0356   0.01108   0.00430  -0.1055   0.8197   0.1308
  -3.900   0.0469   0.01102   0.00422  -0.1054   0.8163   0.1349
  -3.800   0.0576   0.01098   0.00417  -0.1053   0.8118   0.1386
  -3.700   0.0680   0.01086   0.00408  -0.1051   0.8076   0.1433
  -3.600   0.0791   0.01078   0.00401  -0.1051   0.8038   0.1480
  -3.500   0.0905   0.01075   0.00393  -0.1050   0.8003   0.1527
  -3.400   0.1011   0.01066   0.00386  -0.1049   0.7961   0.1577
  -3.300   0.1117   0.01058   0.00381  -0.1048   0.7914   0.1630
  -3.200   0.1228   0.01054   0.00375  -0.1047   0.7871   0.1683
  -3.100   0.1338   0.01047   0.00367  -0.1046   0.7832   0.1739
  -3.000   0.1446   0.01041   0.00363  -0.1045   0.7790   0.1800
  -2.900   0.1554   0.01038   0.00358  -0.1044   0.7742   0.1858
  -2.800   0.1662   0.01030   0.00353  -0.1043   0.7697   0.1923
  -2.700   0.1772   0.01026   0.00348  -0.1042   0.7657   0.1992
  -2.600   0.1882   0.01022   0.00343  -0.1041   0.7615   0.2056
  -2.500   0.1988   0.01015   0.00340  -0.1040   0.7566   0.2129
  -2.400   0.2097   0.01012   0.00335  -0.1039   0.7519   0.2203
  -2.300   0.2206   0.01007   0.00330  -0.1038   0.7477   0.2280
  -2.200   0.2315   0.01004   0.00328  -0.1037   0.7432   0.2362
  -2.100   0.2422   0.00999   0.00325  -0.1036   0.7381   0.2440
  -2.000   0.2529   0.00995   0.00321  -0.1035   0.7333   0.2530
  -1.900   0.2639   0.00993   0.00317  -0.1034   0.7291   0.2616
  -1.800   0.2746   0.00988   0.00315  -0.1033   0.7243   0.2712
  -1.700   0.2853   0.00984   0.00313  -0.1032   0.7193   0.2805
  -1.600   0.2960   0.00980   0.00310  -0.1031   0.7146   0.2910
  -1.500   0.3068   0.00978   0.00307  -0.1030   0.7103   0.3014
  -1.400   0.3175   0.00974   0.00306  -0.1029   0.7053   0.3128
  -1.300   0.3281   0.00969   0.00304  -0.1027   0.7002   0.3244
  -1.200   0.3388   0.00967   0.00302  -0.1026   0.6955   0.3370
  -1.100   0.3494   0.00963   0.00300  -0.1025   0.6910   0.3511
  -1.000   0.3599   0.00957   0.00299  -0.1024   0.6860   0.3659
  -0.900   0.3704   0.00951   0.00297  -0.1022   0.6810   0.3828
  -0.800   0.3807   0.00945   0.00295  -0.1021   0.6766   0.4030
  -0.700   0.3910   0.00938   0.00295  -0.1019   0.6721   0.4291
  -0.600   0.4011   0.00927   0.00296  -0.1017   0.6671   0.4622
  -0.500   0.4110   0.00917   0.00297  -0.1015   0.6623   0.5015
  -0.400   0.4207   0.00909   0.00298  -0.1012   0.6579   0.5430
  -0.300   0.4305   0.00899   0.00300  -0.1009   0.6535   0.5834
  -0.200   0.4401   0.00890   0.00303  -0.1005   0.6487   0.6214
  -0.100   0.4497   0.00882   0.00305  -0.1001   0.6441   0.6577
   0.000   0.4591   0.00877   0.00308  -0.0997   0.6400   0.6927
   0.100   0.4685   0.00870   0.00311  -0.0992   0.6358   0.7267
   0.200   0.4778   0.00864   0.00315  -0.0987   0.6312   0.7598
   0.300   0.4867   0.00859   0.00318  -0.0981   0.6269   0.7920
   0.400   0.4955   0.00856   0.00322  -0.0974   0.6229   0.8239
   0.500   0.5045   0.00855   0.00326  -0.0967   0.6190   0.8549
   0.600   0.5141   0.00854   0.00331  -0.0961   0.6148   0.8833
   0.700   0.5253   0.00856   0.00335  -0.0959   0.6105   0.9096
   0.800   0.5385   0.00861   0.00338  -0.0961   0.6065   0.9320
   0.900   0.5537   0.00868   0.00341  -0.0968   0.6028   0.9494
   1.000   0.5705   0.00871   0.00344  -0.0980   0.5985   0.9628
   1.100   0.5883   0.00876   0.00347  -0.0993   0.5941   0.9730
   1.200   0.6056   0.00883   0.00349  -0.1006   0.5900   0.9816
   1.300   0.6235   0.00891   0.00351  -0.1020   0.5863   0.9884
   1.400   0.6430   0.00896   0.00354  -0.1038   0.5824   0.9932
   1.500   0.6627   0.00901   0.00356  -0.1057   0.5782   0.9976
   1.600   0.6779   0.00906   0.00359  -0.1066   0.5744   1.0000
   1.700   0.6868   0.00912   0.00360  -0.1061   0.5711   1.0000
   1.800   0.6959   0.00919   0.00361  -0.1057   0.5680   1.0000
   1.900   0.7051   0.00923   0.00364  -0.1054   0.5649   1.0000
   2.000   0.7144   0.00926   0.00366  -0.1050   0.5615   1.0000
   2.100   0.7236   0.00930   0.00369  -0.1046   0.5583   1.0000
   2.200   0.7328   0.00936   0.00371  -0.1042   0.5551   1.0000
   2.300   0.7421   0.00943   0.00374  -0.1038   0.5522   1.0000
   2.400   0.7515   0.00951   0.00377  -0.1035   0.5494   1.0000
   2.500   0.7609   0.00954   0.00380  -0.1031   0.5465   1.0000
   2.600   0.7704   0.00958   0.00384  -0.1028   0.5434   1.0000
   2.700   0.7799   0.00963   0.00387  -0.1025   0.5405   1.0000
   2.800   0.7894   0.00969   0.00391  -0.1021   0.5376   1.0000
   2.900   0.7990   0.00976   0.00394  -0.1018   0.5349   1.0000
   3.000   0.8087   0.00985   0.00398  -0.1015   0.5322   1.0000
   3.100   0.8184   0.00990   0.00403  -0.1012   0.5295   1.0000
   3.200   0.8282   0.00994   0.00407  -0.1010   0.5267   1.0000
   3.300   0.8381   0.00999   0.00412  -0.1007   0.5239   1.0000
   3.400   0.8479   0.01005   0.00416  -0.1004   0.5212   1.0000
   3.500   0.8577   0.01012   0.00420  -0.1001   0.5185   1.0000
   3.600   0.8676   0.01020   0.00425  -0.0999   0.5159   1.0000
   3.700   0.8777   0.01030   0.00431  -0.0997   0.5134   1.0000
   3.800   0.8877   0.01033   0.00436  -0.0995   0.5108   1.0000
   3.900   0.8977   0.01038   0.00441  -0.0992   0.5082   1.0000
   4.000   0.9077   0.01044   0.00447  -0.0990   0.5054   1.0000
   4.100   0.9176   0.01050   0.00452  -0.0988   0.5028   1.0000
   4.200   0.9276   0.01058   0.00457  -0.0985   0.5002   1.0000
   4.300   0.9377   0.01068   0.00463  -0.0983   0.4977   1.0000
   4.400   0.9479   0.01076   0.00469  -0.0982   0.4952   1.0000
   4.500   0.9579   0.01080   0.00476  -0.0979   0.4927   1.0000
   4.600   0.9679   0.01085   0.00482  -0.0977   0.4899   1.0000
   4.700   0.9779   0.01091   0.00487  -0.0975   0.4872   1.0000
   4.800   0.9879   0.01098   0.00494  -0.0973   0.4846   1.0000
   4.900   0.9979   0.01107   0.00500  -0.0971   0.4821   1.0000
   5.000   1.0080   0.01118   0.00506  -0.0969   0.4795   1.0000
   5.100   1.0181   0.01125   0.00514  -0.0967   0.4770   1.0000
   5.200   1.0280   0.01130   0.00521  -0.0964   0.4743   1.0000
   5.300   1.0380   0.01135   0.00527  -0.0962   0.4716   1.0000
   5.400   1.0478   0.01142   0.00534  -0.0960   0.4688   1.0000
   5.500   1.0577   0.01150   0.00541  -0.0957   0.4661   1.0000
   5.600   1.0675   0.01160   0.00548  -0.0955   0.4634   1.0000
   5.700   1.0776   0.01172   0.00556  -0.0953   0.4608   1.0000
   5.800   1.0873   0.01176   0.00563  -0.0951   0.4581   1.0000
   5.900   1.0971   0.01181   0.00571  -0.0948   0.4552   1.0000
   6.000   1.1068   0.01188   0.00578  -0.0945   0.4523   1.0000
   6.100   1.1164   0.01195   0.00585  -0.0943   0.4493   1.0000
   6.200   1.1259   0.01205   0.00592  -0.0940   0.4465   1.0000
   6.300   1.1356   0.01218   0.00601  -0.0937   0.4436   1.0000
   6.400   1.1451   0.01223   0.00610  -0.0934   0.4408   1.0000
   6.500   1.1546   0.01228   0.00618  -0.0931   0.4376   1.0000
   6.600   1.1640   0.01235   0.00625  -0.0928   0.4344   1.0000
   6.700   1.1733   0.01244   0.00633  -0.0925   0.4312   1.0000
   6.800   1.1824   0.01255   0.00641  -0.0921   0.4281   1.0000
   6.900   1.1916   0.01265   0.00650  -0.0918   0.4251   1.0000
   7.000   1.2009   0.01270   0.00659  -0.0915   0.4217   1.0000
   7.100   1.2101   0.01277   0.00667  -0.0911   0.4181   1.0000
   7.200   1.2189   0.01285   0.00676  -0.0907   0.4146   1.0000
   7.300   1.2276   0.01297   0.00684  -0.0903   0.4113   1.0000
   7.400   1.2363   0.01308   0.00694  -0.0899   0.4080   1.0000
   7.500   1.2455   0.01313   0.00703  -0.0895   0.4043   1.0000
   7.600   1.2543   0.01321   0.00712  -0.0891   0.4004   1.0000
   7.700   1.2626   0.01331   0.00721  -0.0886   0.3966   1.0000
   7.800   1.2706   0.01344   0.00732  -0.0881   0.3931   1.0000
   7.900   1.2793   0.01352   0.00742  -0.0877   0.3894   1.0000
   8.000   1.2880   0.01360   0.00752  -0.0872   0.3853   1.0000
   8.100   1.2960   0.01371   0.00762  -0.0867   0.3812   1.0000
   8.200   1.3034   0.01384   0.00773  -0.0861   0.3773   1.0000
   8.300   1.3111   0.01395   0.00785  -0.0855   0.3735   1.0000
   8.400   1.3190   0.01404   0.00795  -0.0849   0.3693   1.0000
   8.500   1.3260   0.01415   0.00807  -0.0842   0.3649   1.0000
   8.600   1.3323   0.01430   0.00820  -0.0833   0.3608   1.0000
   8.700   1.3393   0.01444   0.00833  -0.0826   0.3567   1.0000
   8.800   1.3469   0.01455   0.00846  -0.0820   0.3521   1.0000
   8.900   1.3536   0.01470   0.00860  -0.0813   0.3474   1.0000
   9.000   1.3593   0.01489   0.00876  -0.0804   0.3431   1.0000
   9.100   1.3669   0.01502   0.00891  -0.0798   0.3384   1.0000
   9.200   1.3738   0.01518   0.00907  -0.0792   0.3334   1.0000
   9.300   1.3796   0.01538   0.00925  -0.0783   0.3285   1.0000
   9.500   1.3930   0.01573   0.00961  -0.0770   0.3185   1.0000
   9.600   1.3987   0.01595   0.00981  -0.0761   0.3132   1.0000
   9.700   1.4043   0.01618   0.01002  -0.0753   0.3083   1.0000
   9.800   1.4111   0.01637   0.01021  -0.0747   0.3027   1.0000
   9.900   1.4164   0.01662   0.01044  -0.0738   0.2971   1.0000
  10.000   1.4216   0.01688   0.01068  -0.0730   0.2919   1.0000
  10.100   1.4280   0.01710   0.01091  -0.0723   0.2860   1.0000
  10.200   1.4326   0.01739   0.01117  -0.0714   0.2803   1.0000
  10.300   1.4379   0.01767   0.01144  -0.0706   0.2748   1.0000
  10.400   1.4433   0.01794   0.01171  -0.0699   0.2685   1.0000
  10.500   1.4469   0.01830   0.01203  -0.0689   0.2627   1.0000
  10.600   1.4527   0.01857   0.01230  -0.0682   0.2567   1.0000
  10.700   1.4569   0.01891   0.01263  -0.0673   0.2505   1.0000
  10.800   1.4608   0.01929   0.01298  -0.0664   0.2447   1.0000
  10.900   1.4656   0.01962   0.01330  -0.0656   0.2382   1.0000
  11.000   1.4684   0.02006   0.01370  -0.0646   0.2321   1.0000
  11.100   1.4731   0.02041   0.01405  -0.0639   0.2259   1.0000
  11.200   1.4763   0.02084   0.01446  -0.0630   0.2195   1.0000
  11.300   1.4794   0.02129   0.01489  -0.0621   0.2137   1.0000
  11.400   1.4832   0.02172   0.01531  -0.0613   0.2072   1.0000
  11.600   1.4889   0.02269   0.01624  -0.0595   0.1951   1.0000
  11.700   1.4910   0.02323   0.01676  -0.0586   0.1890   1.0000
  11.800   1.4936   0.02376   0.01727  -0.0578   0.1833   1.0000
  11.900   1.4961   0.02430   0.01779  -0.0570   0.1772   1.0000
  12.000   1.4970   0.02496   0.01842  -0.0560   0.1718   1.0000
  12.100   1.5003   0.02547   0.01893  -0.0553   0.1661   1.0000
  12.200   1.5015   0.02613   0.01956  -0.0544   0.1606   1.0000
  12.300   1.5031   0.02677   0.02019  -0.0536   0.1556   1.0000
  12.400   1.5051   0.02739   0.02080  -0.0529   0.1502   1.0000
  12.500   1.5052   0.02816   0.02155  -0.0520   0.1454   1.0000
  12.600   1.5074   0.02880   0.02219  -0.0513   0.1407   1.0000
  12.700   1.5087   0.02951   0.02290  -0.0506   0.1359   1.0000
  12.800   1.5081   0.03039   0.02374  -0.0498   0.1318   1.0000
  12.900   1.5103   0.03104   0.02441  -0.0492   0.1275   1.0000
  13.000   1.5111   0.03183   0.02519  -0.0485   0.1233   1.0000
  13.100   1.5102   0.03276   0.02611  -0.0477   0.1197   1.0000
  13.200   1.5119   0.03350   0.02685  -0.0472   0.1161   1.0000
  13.300   1.5127   0.03432   0.02768  -0.0466   0.1124   1.0000
  13.400   1.5120   0.03529   0.02864  -0.0459   0.1092   1.0000
  13.500   1.5117   0.03623   0.02958  -0.0454   0.1062   1.0000
  13.600   1.5132   0.03703   0.03040  -0.0449   0.1031   1.0000
  13.700   1.5131   0.03799   0.03136  -0.0444   0.1002   1.0000
  13.800   1.5117   0.03909   0.03245  -0.0438   0.0977   1.0000
  13.900   1.5114   0.04009   0.03347  -0.0434   0.0953   1.0000
  14.000   1.5126   0.04097   0.03438  -0.0430   0.0928   1.0000
  14.100   1.5126   0.04199   0.03540  -0.0426   0.0904   1.0000
  14.200   1.5112   0.04315   0.03656  -0.0422   0.0883   1.0000
  14.300   1.5087   0.04444   0.03785  -0.0418   0.0864   1.0000
  14.400   1.5099   0.04538   0.03882  -0.0415   0.0845   1.0000
  14.500   1.5105   0.04637   0.03984  -0.0412   0.0825   1.0000
  14.600   1.5099   0.04751   0.04099  -0.0409   0.0807   1.0000
  14.700   1.5083   0.04876   0.04225  -0.0406   0.0791   1.0000
  14.800   1.5055   0.05016   0.04366  -0.0404   0.0776   1.0000
  14.900   1.5043   0.05140   0.04492  -0.0401   0.0762   1.0000
  15.000   1.5053   0.05241   0.04597  -0.0400   0.0747   1.0000
  15.100   1.5051   0.05357   0.04716  -0.0398   0.0732   1.0000
  15.200   1.5042   0.05481   0.04841  -0.0396   0.0718   1.0000
  15.300   1.5022   0.05619   0.04981  -0.0395   0.0706   1.0000
  15.400   1.4993   0.05767   0.05130  -0.0394   0.0694   1.0000
  15.500   1.4951   0.05933   0.05296  -0.0393   0.0684   1.0000
  15.600   1.4960   0.06040   0.05408  -0.0392   0.0672   1.0000
  15.700   1.4964   0.06154   0.05526  -0.0391   0.0661   1.0000
  15.800   1.4958   0.06282   0.05657  -0.0391   0.0650   1.0000
  15.900   1.4945   0.06416   0.05793  -0.0391   0.0639   1.0000
  16.000   1.4926   0.06560   0.05939  -0.0390   0.0630   1.0000
  16.100   1.4897   0.06717   0.06097  -0.0391   0.0621   1.0000
  16.200   1.4862   0.06881   0.06263  -0.0391   0.0613   1.0000
  16.300   1.4819   0.07055   0.06437  -0.0391   0.0605   1.0000
  16.400   1.4826   0.07170   0.06557  -0.0392   0.0597   1.0000
  16.500   1.4826   0.07293   0.06685  -0.0392   0.0588   1.0000
  16.600   1.4819   0.07428   0.06823  -0.0393   0.0579   1.0000
  16.700   1.4809   0.07566   0.06964  -0.0394   0.0571   1.0000
  16.800   1.4794   0.07709   0.07110  -0.0395   0.0563   1.0000
  16.900   1.4771   0.07866   0.07268  -0.0396   0.0556   1.0000
  17.000   1.4742   0.08030   0.07433  -0.0398   0.0550   1.0000
  17.100   1.4708   0.08198   0.07602  -0.0399   0.0543   1.0000
  17.300   1.4664   0.08508   0.07917  -0.0403   0.0530   1.0000
  17.400   1.4664   0.08636   0.08050  -0.0404   0.0523   1.0000
  17.500   1.4659   0.08771   0.08189  -0.0406   0.0517   1.0000
  17.600   1.4648   0.08915   0.08336  -0.0408   0.0510   1.0000
  17.700   1.4638   0.09059   0.08483  -0.0410   0.0504   1.0000
  17.800   1.4626   0.09203   0.08630  -0.0412   0.0498   1.0000
  17.900   1.4608   0.09357   0.08786  -0.0415   0.0493   1.0000
  18.000   1.4585   0.09519   0.08949  -0.0418   0.0488   1.0000
  18.100   1.4560   0.09681   0.09111  -0.0421   0.0483   1.0000
  18.200   1.4533   0.09842   0.09273  -0.0423   0.0477   1.0000
  18.300   1.4513   0.09994   0.09426  -0.0425   0.0472   1.0000
  18.400   1.4510   0.10132   0.09569  -0.0428   0.0467   1.0000
  18.500   1.4507   0.10269   0.09711  -0.0431   0.0462   1.0000
  18.600   1.4504   0.10405   0.09851  -0.0434   0.0457   1.0000
  18.700   1.4500   0.10543   0.09991  -0.0437   0.0452   1.0000
  18.800   1.4491   0.10687   0.10139  -0.0441   0.0447   1.0000
  18.900   1.4482   0.10834   0.10288  -0.0444   0.0442   1.0000
  19.000   1.4473   0.10979   0.10436  -0.0448   0.0437   1.0000
  19.100   1.4465   0.11123   0.10582  -0.0452   0.0433   1.0000
  19.200   1.4454   0.11269   0.10728  -0.0456   0.0428   1.0000
  19.300   1.4440   0.11419   0.10878  -0.0460   0.0424   1.0000
  19.400   1.4427   0.11560   0.11017  -0.0463   0.0419   1.0000
  19.500   1.4422   0.11693   0.11153  -0.0466   0.0415   1.0000
  19.600   1.4422   0.11831   0.11296  -0.0471   0.0411   1.0000
  19.700   1.4422   0.11966   0.11436  -0.0475   0.0407   1.0000
  19.800   1.4420   0.12105   0.11579  -0.0479   0.0403   1.0000
  19.900   1.4415   0.12247   0.11724  -0.0484   0.0399   1.0000
  20.000   1.4413   0.12385   0.11866  -0.0489   0.0395   1.0000
