 -10.000  -0.8845   0.02494   0.01916  -0.0462   1.0000   0.0298
  -9.900  -0.8789   0.02460   0.01878  -0.0454   1.0000   0.0301
  -9.800  -0.8732   0.02426   0.01840  -0.0446   1.0000   0.0305
  -9.700  -0.8675   0.02390   0.01798  -0.0438   1.0000   0.0308
  -9.600  -0.8617   0.02353   0.01756  -0.0429   1.0000   0.0311
  -9.500  -0.8559   0.02316   0.01713  -0.0421   1.0000   0.0314
  -9.400  -0.8498   0.02282   0.01673  -0.0413   1.0000   0.0317
  -9.300  -0.8436   0.02252   0.01635  -0.0405   1.0000   0.0320
  -9.200  -0.8371   0.02225   0.01602  -0.0398   1.0000   0.0323
  -9.100  -0.8315   0.02169   0.01539  -0.0390   1.0000   0.0326
  -9.000  -0.8260   0.02106   0.01476  -0.0382   1.0000   0.0331
  -8.900  -0.8197   0.02069   0.01438  -0.0375   1.0000   0.0334
  -8.800  -0.8129   0.02041   0.01411  -0.0369   1.0000   0.0338
  -8.700  -0.8060   0.02018   0.01388  -0.0363   1.0000   0.0342
  -8.600  -0.7989   0.01998   0.01366  -0.0356   1.0000   0.0347
  -8.500  -0.7917   0.01977   0.01344  -0.0350   1.0000   0.0352
  -8.400  -0.7844   0.01957   0.01321  -0.0344   1.0000   0.0357
  -8.300  -0.7771   0.01936   0.01296  -0.0338   1.0000   0.0362
  -8.200  -0.7696   0.01915   0.01272  -0.0332   1.0000   0.0368
  -8.100  -0.7621   0.01896   0.01248  -0.0327   1.0000   0.0373
  -8.000  -0.7541   0.01879   0.01226  -0.0321   1.0000   0.0377
  -7.900  -0.7413   0.01826   0.01169  -0.0327   0.9992   0.0385
  -7.800  -0.7283   0.01779   0.01123  -0.0334   0.9983   0.0392
  -7.700  -0.7145   0.01752   0.01097  -0.0341   0.9973   0.0400
  -7.600  -0.7004   0.01729   0.01074  -0.0348   0.9963   0.0408
  -7.500  -0.6862   0.01708   0.01051  -0.0356   0.9953   0.0416
  -7.400  -0.6716   0.01688   0.01028  -0.0364   0.9943   0.0426
  -7.300  -0.6569   0.01670   0.01006  -0.0372   0.9934   0.0436
  -7.200  -0.6416   0.01659   0.00989  -0.0381   0.9926   0.0444
  -7.100  -0.6283   0.01603   0.00935  -0.0389   0.9919   0.0457
  -7.000  -0.6152   0.01579   0.00913  -0.0394   0.9905   0.0468
  -6.900  -0.6016   0.01561   0.00895  -0.0400   0.9890   0.0480
  -6.800  -0.5875   0.01543   0.00876  -0.0407   0.9876   0.0492
  -6.700  -0.5731   0.01525   0.00855  -0.0415   0.9863   0.0505
  -6.600  -0.5582   0.01512   0.00837  -0.0423   0.9851   0.0516
  -6.500  -0.5443   0.01470   0.00797  -0.0430   0.9840   0.0533
  -6.400  -0.5294   0.01447   0.00777  -0.0439   0.9830   0.0550
  -6.300  -0.5139   0.01432   0.00762  -0.0449   0.9821   0.0567
  -6.200  -0.4981   0.01418   0.00746  -0.0459   0.9813   0.0586
  -6.100  -0.4825   0.01407   0.00731  -0.0468   0.9804   0.0602
  -6.000  -0.4717   0.01371   0.00698  -0.0469   0.9778   0.0624
  -5.900  -0.4583   0.01350   0.00680  -0.0474   0.9758   0.0645
  -5.800  -0.4438   0.01336   0.00665  -0.0482   0.9743   0.0668
  -5.700  -0.4287   0.01324   0.00650  -0.0490   0.9729   0.0692
  -5.600  -0.4139   0.01298   0.00626  -0.0498   0.9718   0.0722
  -5.500  -0.3987   0.01277   0.00609  -0.0508   0.9708   0.0754
  -5.400  -0.3830   0.01264   0.00594  -0.0517   0.9699   0.0786
  -5.300  -0.3670   0.01250   0.00578  -0.0528   0.9692   0.0818
  -5.200  -0.3515   0.01224   0.00558  -0.0538   0.9685   0.0864
  -5.100  -0.3355   0.01210   0.00545  -0.0548   0.9679   0.0908
  -5.000  -0.3255   0.01199   0.00532  -0.0545   0.9644   0.0941
  -4.900  -0.3127   0.01178   0.00517  -0.0550   0.9623   0.0993
  -4.800  -0.2988   0.01165   0.00504  -0.0555   0.9605   0.1045
  -4.700  -0.2848   0.01147   0.00489  -0.0561   0.9590   0.1103
  -4.600  -0.2705   0.01131   0.00476  -0.0568   0.9576   0.1168
  -4.500  -0.2562   0.01115   0.00463  -0.0575   0.9563   0.1236
  -4.400  -0.2418   0.01099   0.00451  -0.0582   0.9551   0.1314
  -4.300  -0.2274   0.01083   0.00438  -0.0589   0.9539   0.1395
  -4.200  -0.2175   0.01072   0.00430  -0.0585   0.9502   0.1471
  -4.100  -0.2063   0.01058   0.00420  -0.0586   0.9471   0.1554
  -4.000  -0.1939   0.01046   0.00410  -0.0588   0.9446   0.1647
  -3.900  -0.1812   0.01030   0.00399  -0.0591   0.9424   0.1749
  -3.800  -0.1682   0.01016   0.00389  -0.0594   0.9405   0.1855
  -3.600  -0.1457   0.00992   0.00372  -0.0594   0.9345   0.2073
  -3.500  -0.1349   0.00980   0.00365  -0.0593   0.9308   0.2184
  -3.400  -0.1233   0.00968   0.00356  -0.0593   0.9277   0.2305
  -3.300  -0.1115   0.00955   0.00347  -0.0594   0.9251   0.2434
  -3.200  -0.0994   0.00942   0.00338  -0.0595   0.9228   0.2566
  -3.100  -0.0900   0.00932   0.00333  -0.0591   0.9179   0.2688
  -3.000  -0.0794   0.00921   0.00327  -0.0589   0.9138   0.2821
  -2.900  -0.0683   0.00910   0.00319  -0.0588   0.9104   0.2963
  -2.800  -0.0568   0.00898   0.00311  -0.0588   0.9074   0.3112
  -2.700  -0.0467   0.00888   0.00306  -0.0585   0.9028   0.3259
  -2.600  -0.0364   0.00877   0.00300  -0.0583   0.8982   0.3415
  -2.500  -0.0257   0.00865   0.00293  -0.0581   0.8942   0.3580
  -2.400  -0.0146   0.00854   0.00286  -0.0580   0.8909   0.3756
  -2.300  -0.0046   0.00843   0.00282  -0.0578   0.8856   0.3941
  -2.200   0.0055   0.00831   0.00277  -0.0575   0.8807   0.4146
  -2.100   0.0160   0.00817   0.00271  -0.0573   0.8765   0.4380
  -1.900   0.0363   0.00793   0.00264  -0.0568   0.8665   0.4894
  -1.800   0.0465   0.00782   0.00259  -0.0565   0.8617   0.5165
  -1.700   0.0569   0.00770   0.00255  -0.0562   0.8574   0.5436
  -1.600   0.0667   0.00760   0.00254  -0.0559   0.8513   0.5697
  -1.500   0.0768   0.00750   0.00251  -0.0556   0.8460   0.5961
  -1.400   0.0870   0.00741   0.00247  -0.0552   0.8415   0.6212
  -1.300   0.0969   0.00732   0.00247  -0.0549   0.8353   0.6455
  -1.200   0.1069   0.00724   0.00245  -0.0545   0.8296   0.6692
  -1.100   0.1170   0.00716   0.00243  -0.0541   0.8246   0.6927
  -1.000   0.1269   0.00710   0.00243  -0.0537   0.8182   0.7150
  -0.900   0.1368   0.00703   0.00242  -0.0533   0.8124   0.7368
  -0.800   0.1467   0.00698   0.00241  -0.0528   0.8070   0.7584
  -0.700   0.1565   0.00693   0.00241  -0.0524   0.8004   0.7791
  -0.600   0.1664   0.00689   0.00241  -0.0519   0.7946   0.7991
  -0.400   0.1861   0.00684   0.00243  -0.0509   0.7819   0.8370
  -0.200   0.2060   0.00682   0.00245  -0.0499   0.7693   0.8709
  -0.100   0.2162   0.00684   0.00246  -0.0494   0.7629   0.8866
   0.000   0.2268   0.00686   0.00247  -0.0491   0.7567   0.9004
   0.100   0.2381   0.00688   0.00249  -0.0489   0.7497   0.9130
   0.300   0.2615   0.00695   0.00252  -0.0487   0.7364   0.9353
   0.400   0.2753   0.00700   0.00253  -0.0491   0.7296   0.9434
   0.500   0.2876   0.00704   0.00254  -0.0492   0.7229   0.9525
   0.600   0.3030   0.00709   0.00256  -0.0500   0.7155   0.9583
   0.700   0.3162   0.00715   0.00257  -0.0503   0.7088   0.9657
   0.800   0.3322   0.00719   0.00259  -0.0512   0.7012   0.9703
   1.000   0.3629   0.00731   0.00262  -0.0528   0.6867   0.9800
   1.100   0.3809   0.00736   0.00262  -0.0543   0.6793   0.9825
   1.200   0.3985   0.00741   0.00263  -0.0556   0.6716   0.9854
   1.300   0.4152   0.00746   0.00264  -0.0568   0.6641   0.9889
   1.400   0.4317   0.00752   0.00266  -0.0579   0.6567   0.9921
   1.500   0.4496   0.00756   0.00266  -0.0593   0.6488   0.9944
   1.600   0.4670   0.00761   0.00267  -0.0607   0.6414   0.9970
   1.700   0.4844   0.00766   0.00268  -0.0620   0.6335   0.9996
   1.800   0.4953   0.00771   0.00268  -0.0620   0.6269   1.0000
   1.900   0.5049   0.00773   0.00269  -0.0617   0.6198   1.0000
   2.000   0.5143   0.00778   0.00269  -0.0614   0.6133   1.0000
   2.100   0.5240   0.00781   0.00270  -0.0611   0.6067   1.0000
   2.200   0.5335   0.00786   0.00271  -0.0608   0.6000   1.0000
   2.300   0.5429   0.00791   0.00273  -0.0604   0.5939   1.0000
   2.400   0.5526   0.00795   0.00274  -0.0601   0.5872   1.0000
   2.500   0.5620   0.00801   0.00276  -0.0598   0.5809   1.0000
   2.600   0.5716   0.00805   0.00278  -0.0595   0.5747   1.0000
   2.700   0.5811   0.00810   0.00281  -0.0592   0.5683   1.0000
   2.800   0.5905   0.00817   0.00283  -0.0588   0.5625   1.0000
   2.900   0.6002   0.00821   0.00286  -0.0585   0.5561   1.0000
   3.000   0.6096   0.00827   0.00289  -0.0581   0.5498   1.0000
   3.100   0.6191   0.00833   0.00292  -0.0578   0.5440   1.0000
   3.200   0.6288   0.00838   0.00296  -0.0575   0.5376   1.0000
   3.300   0.6381   0.00845   0.00299  -0.0571   0.5316   1.0000
   3.400   0.6478   0.00850   0.00303  -0.0568   0.5256   1.0000
   3.500   0.6573   0.00856   0.00307  -0.0565   0.5192   1.0000
   3.600   0.6666   0.00865   0.00311  -0.0561   0.5134   1.0000
   3.700   0.6764   0.00869   0.00315  -0.0558   0.5070   1.0000
   3.800   0.6859   0.00876   0.00320  -0.0554   0.5006   1.0000
   3.900   0.6953   0.00883   0.00324  -0.0551   0.4947   1.0000
   4.000   0.7050   0.00889   0.00329  -0.0548   0.4881   1.0000
   4.100   0.7142   0.00898   0.00334  -0.0544   0.4819   1.0000
   4.200   0.7240   0.00903   0.00339  -0.0541   0.4754   1.0000
   4.300   0.7334   0.00910   0.00344  -0.0537   0.4688   1.0000
   4.400   0.7428   0.00919   0.00349  -0.0534   0.4626   1.0000
   4.500   0.7526   0.00925   0.00355  -0.0531   0.4557   1.0000
   4.600   0.7618   0.00935   0.00361  -0.0527   0.4492   1.0000
   4.700   0.7716   0.00940   0.00367  -0.0524   0.4423   1.0000
   4.800   0.7811   0.00949   0.00373  -0.0521   0.4352   1.0000
   4.900   0.7907   0.00957   0.00379  -0.0517   0.4284   1.0000
   5.000   0.8003   0.00965   0.00385  -0.0514   0.4208   1.0000
   5.100   0.8098   0.00975   0.00392  -0.0511   0.4137   1.0000
   5.200   0.8195   0.00983   0.00399  -0.0508   0.4056   1.0000
   5.300   0.8289   0.00993   0.00406  -0.0505   0.3979   1.0000
   5.400   0.8386   0.01001   0.00414  -0.0502   0.3891   1.0000
   5.500   0.8480   0.01012   0.00421  -0.0498   0.3807   1.0000
   5.600   0.8575   0.01023   0.00429  -0.0495   0.3715   1.0000
   5.700   0.8670   0.01034   0.00437  -0.0492   0.3622   1.0000
   5.900   0.8856   0.01058   0.00454  -0.0486   0.3423   1.0000
   6.000   0.8948   0.01072   0.00464  -0.0482   0.3321   1.0000
   6.200   0.9131   0.01101   0.00485  -0.0475   0.3099   1.0000
   6.300   0.9221   0.01117   0.00497  -0.0472   0.2987   1.0000
   6.400   0.9310   0.01135   0.00509  -0.0468   0.2873   1.0000
   6.500   0.9398   0.01153   0.00521  -0.0464   0.2750   1.0000
   6.600   0.9487   0.01171   0.00534  -0.0461   0.2627   1.0000
   6.700   0.9575   0.01190   0.00548  -0.0457   0.2504   1.0000
   6.800   0.9661   0.01211   0.00563  -0.0453   0.2382   1.0000
   6.900   0.9746   0.01233   0.00578  -0.0449   0.2257   1.0000
   7.100   0.9915   0.01277   0.00611  -0.0441   0.2003   1.0000
   7.200   0.9999   0.01300   0.00629  -0.0436   0.1881   1.0000
   7.300   1.0082   0.01324   0.00647  -0.0432   0.1764   1.0000
   7.400   1.0164   0.01350   0.00666  -0.0428   0.1649   1.0000
   7.600   1.0326   0.01401   0.00705  -0.0419   0.1431   1.0000
   7.700   1.0408   0.01426   0.00725  -0.0415   0.1335   1.0000
   7.800   1.0485   0.01454   0.00748  -0.0410   0.1244   1.0000
   7.900   1.0567   0.01479   0.00769  -0.0405   0.1162   1.0000
   8.000   1.0647   0.01505   0.00791  -0.0401   0.1088   1.0000
   8.100   1.0725   0.01532   0.00814  -0.0396   0.1020   1.0000
   8.200   1.0805   0.01557   0.00837  -0.0391   0.0961   1.0000
   8.300   1.0884   0.01583   0.00860  -0.0386   0.0906   1.0000
   8.400   1.0958   0.01613   0.00886  -0.0381   0.0858   1.0000
   8.500   1.1042   0.01634   0.00907  -0.0377   0.0817   1.0000
   8.600   1.1115   0.01663   0.00933  -0.0371   0.0777   1.0000
   8.700   1.1188   0.01693   0.00962  -0.0365   0.0743   1.0000
   8.800   1.1271   0.01713   0.00984  -0.0361   0.0713   1.0000
   8.900   1.1346   0.01740   0.01009  -0.0356   0.0684   1.0000
   9.000   1.1406   0.01778   0.01043  -0.0349   0.0655   1.0000
   9.100   1.1486   0.01800   0.01067  -0.0344   0.0634   1.0000
   9.200   1.1566   0.01821   0.01091  -0.0339   0.0612   1.0000
   9.300   1.1639   0.01848   0.01117  -0.0334   0.0592   1.0000
   9.400   1.1701   0.01881   0.01149  -0.0327   0.0573   1.0000
   9.500   1.1750   0.01923   0.01190  -0.0318   0.0555   1.0000
   9.600   1.1830   0.01943   0.01213  -0.0313   0.0542   1.0000
   9.700   1.1904   0.01966   0.01240  -0.0308   0.0527   1.0000
   9.800   1.1974   0.01992   0.01266  -0.0302   0.0513   1.0000
   9.900   1.2036   0.02022   0.01296  -0.0295   0.0500   1.0000
  10.000   1.2077   0.02061   0.01334  -0.0285   0.0487   1.0000
  10.100   1.2099   0.02109   0.01382  -0.0272   0.0475   1.0000
  10.200   1.2169   0.02130   0.01406  -0.0266   0.0466   1.0000
  10.300   1.2230   0.02155   0.01435  -0.0259   0.0457   1.0000
  10.400   1.2288   0.02183   0.01465  -0.0251   0.0447   1.0000
  10.500   1.2342   0.02213   0.01497  -0.0243   0.0438   1.0000
  10.600   1.2393   0.02245   0.01531  -0.0235   0.0430   1.0000
  10.700   1.2435   0.02284   0.01570  -0.0226   0.0422   1.0000
  10.800   1.2462   0.02332   0.01618  -0.0216   0.0414   1.0000
  10.900   1.2465   0.02399   0.01685  -0.0203   0.0406   1.0000
  11.000   1.2520   0.02431   0.01721  -0.0196   0.0401   1.0000
  11.100   1.2577   0.02462   0.01757  -0.0189   0.0395   1.0000
  11.200   1.2629   0.02497   0.01795  -0.0183   0.0388   1.0000
  11.300   1.2678   0.02534   0.01835  -0.0176   0.0381   1.0000
  11.400   1.2726   0.02572   0.01875  -0.0169   0.0375   1.0000
  11.500   1.2771   0.02613   0.01918  -0.0163   0.0369   1.0000
  11.600   1.2812   0.02656   0.01963  -0.0156   0.0363   1.0000
  11.700   1.2846   0.02705   0.02013  -0.0149   0.0358   1.0000
  11.800   1.2867   0.02766   0.02074  -0.0140   0.0353   1.0000
  11.900   1.2871   0.02842   0.02150  -0.0131   0.0347   1.0000
  12.000   1.2882   0.02915   0.02226  -0.0122   0.0343   1.0000
  12.100   1.2929   0.02958   0.02274  -0.0117   0.0340   1.0000
  12.200   1.2972   0.03006   0.02327  -0.0111   0.0336   1.0000
  12.300   1.3011   0.03058   0.02383  -0.0106   0.0332   1.0000
  12.400   1.3048   0.03112   0.02442  -0.0100   0.0327   1.0000
  12.500   1.3083   0.03169   0.02502  -0.0095   0.0323   1.0000
  12.600   1.3116   0.03227   0.02563  -0.0090   0.0319   1.0000
  12.700   1.3148   0.03286   0.02625  -0.0085   0.0315   1.0000
  12.800   1.3179   0.03347   0.02689  -0.0080   0.0312   1.0000
  12.900   1.3209   0.03411   0.02754  -0.0076   0.0308   1.0000
  13.000   1.3235   0.03478   0.02823  -0.0072   0.0305   1.0000
  13.100   1.3257   0.03550   0.02897  -0.0067   0.0301   1.0000
  13.200   1.3271   0.03631   0.02978  -0.0063   0.0298   1.0000
  13.300   1.3274   0.03724   0.03072  -0.0057   0.0295   1.0000
  13.400   1.3268   0.03830   0.03179  -0.0050   0.0291   1.0000
  13.500   1.3300   0.03896   0.03252  -0.0048   0.0289   1.0000
  13.600   1.3328   0.03968   0.03330  -0.0045   0.0286   1.0000
  13.700   1.3354   0.04043   0.03410  -0.0042   0.0284   1.0000
  13.800   1.3377   0.04122   0.03494  -0.0040   0.0281   1.0000
  13.900   1.3397   0.04203   0.03581  -0.0037   0.0278   1.0000
  14.000   1.3416   0.04287   0.03670  -0.0035   0.0275   1.0000
  14.100   1.3434   0.04374   0.03760  -0.0033   0.0273   1.0000
  14.200   1.3450   0.04462   0.03853  -0.0031   0.0270   1.0000
  14.300   1.3466   0.04552   0.03946  -0.0029   0.0268   1.0000
  14.400   1.3481   0.04644   0.04042  -0.0028   0.0265   1.0000
  14.500   1.3494   0.04737   0.04138  -0.0026   0.0263   1.0000
  14.600   1.3506   0.04832   0.04236  -0.0025   0.0261   1.0000
  14.700   1.3518   0.04929   0.04335  -0.0024   0.0259   1.0000
  14.800   1.3528   0.05027   0.04437  -0.0024   0.0257   1.0000
  14.900   1.3537   0.05128   0.04539  -0.0023   0.0255   1.0000
  15.000   1.3544   0.05231   0.04644  -0.0022   0.0253   1.0000
