  -9.900  -0.8659   0.01945   0.01270  -0.0519   0.9786   0.0842
  -9.800  -0.8507   0.01928   0.01249  -0.0528   0.9779   0.0856
  -9.700  -0.8362   0.01902   0.01222  -0.0537   0.9772   0.0870
  -9.600  -0.8286   0.01875   0.01197  -0.0533   0.9741   0.0882
  -9.500  -0.8174   0.01852   0.01177  -0.0535   0.9719   0.0895
  -9.400  -0.8042   0.01834   0.01158  -0.0540   0.9703   0.0910
  -9.300  -0.7902   0.01816   0.01139  -0.0547   0.9690   0.0927
  -9.200  -0.7753   0.01801   0.01120  -0.0555   0.9679   0.0943
  -9.100  -0.7618   0.01770   0.01091  -0.0563   0.9669   0.0961
  -9.000  -0.7474   0.01745   0.01069  -0.0571   0.9660   0.0979
  -8.900  -0.7320   0.01725   0.01050  -0.0581   0.9653   0.0998
  -8.800  -0.7161   0.01707   0.01031  -0.0592   0.9647   0.1018
  -8.700  -0.7000   0.01691   0.01011  -0.0602   0.9641   0.1038
  -8.600  -0.6857   0.01659   0.00984  -0.0611   0.9634   0.1060
  -8.500  -0.6765   0.01642   0.00969  -0.0608   0.9604   0.1077
  -8.400  -0.6660   0.01627   0.00954  -0.0607   0.9575   0.1097
  -8.300  -0.6530   0.01612   0.00937  -0.0612   0.9555   0.1119
  -8.200  -0.6396   0.01594   0.00918  -0.0617   0.9539   0.1140
  -8.100  -0.6268   0.01568   0.00896  -0.0621   0.9523   0.1164
  -8.000  -0.6132   0.01548   0.00878  -0.0627   0.9510   0.1189
  -7.900  -0.5991   0.01532   0.00861  -0.0633   0.9497   0.1214
  -7.800  -0.5845   0.01519   0.00844  -0.0640   0.9486   0.1239
  -7.700  -0.5731   0.01493   0.00823  -0.0642   0.9468   0.1266
  -7.600  -0.5666   0.01480   0.00813  -0.0632   0.9423   0.1288
  -7.500  -0.5560   0.01466   0.00799  -0.0631   0.9394   0.1314
  -7.400  -0.5440   0.01454   0.00784  -0.0632   0.9371   0.1341
  -7.300  -0.5321   0.01435   0.00766  -0.0634   0.9351   0.1369
  -7.200  -0.5204   0.01415   0.00749  -0.0635   0.9332   0.1399
  -7.100  -0.5082   0.01399   0.00734  -0.0637   0.9315   0.1431
  -7.000  -0.4993   0.01391   0.00724  -0.0633   0.9279   0.1459
  -6.900  -0.4901   0.01380   0.00713  -0.0628   0.9242   0.1486
  -6.800  -0.4804   0.01361   0.00698  -0.0626   0.9211   0.1518
  -6.700  -0.4695   0.01347   0.00685  -0.0625   0.9185   0.1552
  -6.600  -0.4580   0.01335   0.00672  -0.0625   0.9163   0.1587
  -6.500  -0.4464   0.01323   0.00658  -0.0625   0.9142   0.1621
  -6.400  -0.4376   0.01308   0.00647  -0.0621   0.9106   0.1655
  -6.300  -0.4284   0.01297   0.00638  -0.0616   0.9065   0.1691
  -6.200  -0.4181   0.01287   0.00627  -0.0614   0.9031   0.1729
  -6.100  -0.4073   0.01276   0.00615  -0.0613   0.9000   0.1765
  -6.000  -0.3968   0.01259   0.00601  -0.0611   0.8973   0.1806
  -5.900  -0.3856   0.01247   0.00589  -0.0611   0.8947   0.1849
  -5.800  -0.3763   0.01241   0.00583  -0.0606   0.8903   0.1888
  -5.700  -0.3665   0.01230   0.00573  -0.0603   0.8864   0.1927
  -5.600  -0.3565   0.01217   0.00563  -0.0601   0.8828   0.1971
  -5.500  -0.3457   0.01207   0.00552  -0.0599   0.8797   0.2018
  -5.400  -0.3341   0.01200   0.00542  -0.0599   0.8769   0.2062
  -5.300  -0.3247   0.01187   0.00533  -0.0596   0.8728   0.2108
  -5.200  -0.3150   0.01177   0.00526  -0.0593   0.8683   0.2156
  -5.100  -0.3045   0.01170   0.00517  -0.0591   0.8643   0.2205
  -5.000  -0.2936   0.01161   0.00507  -0.0589   0.8607   0.2252
  -4.900  -0.2829   0.01149   0.00497  -0.0588   0.8575   0.2306
  -4.800  -0.2728   0.01141   0.00491  -0.0585   0.8532   0.2359
  -4.700  -0.2624   0.01137   0.00485  -0.0583   0.8486   0.2407
  -4.600  -0.2523   0.01125   0.00476  -0.0581   0.8444   0.2462
  -4.500  -0.2416   0.01116   0.00468  -0.0579   0.8406   0.2520
  -4.400  -0.2303   0.01111   0.00459  -0.0579   0.8371   0.2577
  -4.300  -0.2205   0.01102   0.00454  -0.0576   0.8322   0.2630
  -4.200  -0.2104   0.01094   0.00448  -0.0573   0.8274   0.2690
  -4.100  -0.1996   0.01088   0.00441  -0.0572   0.8230   0.2751
  -4.000  -0.1888   0.01081   0.00433  -0.0571   0.8191   0.2809
  -3.900  -0.1784   0.01073   0.00427  -0.0569   0.8149   0.2872
  -3.800  -0.1681   0.01067   0.00423  -0.0567   0.8099   0.2936
  -3.700  -0.1575   0.01061   0.00416  -0.0565   0.8051   0.2996
  -3.600  -0.1470   0.01053   0.00410  -0.0563   0.8007   0.3064
  -3.500  -0.1360   0.01049   0.00403  -0.0562   0.7967   0.3133
  -3.400  -0.1258   0.01043   0.00399  -0.0560   0.7915   0.3196
  -3.300  -0.1156   0.01035   0.00394  -0.0557   0.7864   0.3267
  -3.200  -0.1048   0.01031   0.00389  -0.0556   0.7817   0.3340
  -3.100  -0.0941   0.01026   0.00382  -0.0554   0.7774   0.3409
  -3.000  -0.0839   0.01019   0.00379  -0.0552   0.7724   0.3485
  -2.900  -0.0733   0.01015   0.00375  -0.0550   0.7672   0.3560
  -2.800  -0.0630   0.01008   0.00370  -0.0548   0.7623   0.3636
  -2.700  -0.0524   0.01004   0.00365  -0.0547   0.7578   0.3720
  -2.600  -0.0419   0.00999   0.00361  -0.0545   0.7528   0.3798
  -2.500  -0.0317   0.00992   0.00358  -0.0542   0.7474   0.3884
  -2.400  -0.0211   0.00988   0.00354  -0.0541   0.7424   0.3973
  -2.300  -0.0109   0.00983   0.00349  -0.0538   0.7377   0.4064
  -2.200  -0.0004   0.00978   0.00347  -0.0537   0.7328   0.4162
  -2.100   0.0097   0.00972   0.00344  -0.0534   0.7274   0.4259
  -2.000   0.0201   0.00968   0.00341  -0.0532   0.7223   0.4367
  -1.900   0.0304   0.00964   0.00338  -0.0530   0.7175   0.4473
  -1.800   0.0408   0.00960   0.00336  -0.0528   0.7125   0.4587
  -1.700   0.0509   0.00954   0.00334  -0.0525   0.7072   0.4699
  -1.500   0.0714   0.00947   0.00330  -0.0520   0.6973   0.4935
  -1.400   0.0818   0.00944   0.00329  -0.0518   0.6924   0.5051
  -1.300   0.0919   0.00939   0.00328  -0.0516   0.6871   0.5173
  -1.200   0.1022   0.00936   0.00327  -0.0513   0.6819   0.5289
  -1.100   0.1125   0.00935   0.00326  -0.0511   0.6771   0.5412
  -1.000   0.1227   0.00932   0.00326  -0.0508   0.6723   0.5524
  -0.900   0.1331   0.00929   0.00325  -0.0506   0.6671   0.5644
  -0.800   0.1432   0.00926   0.00325  -0.0504   0.6620   0.5756
  -0.700   0.1536   0.00927   0.00324  -0.0501   0.6573   0.5872
  -0.600   0.1638   0.00924   0.00325  -0.0499   0.6527   0.5980
  -0.500   0.1743   0.00923   0.00325  -0.0497   0.6476   0.6093
  -0.400   0.1844   0.00920   0.00326  -0.0494   0.6426   0.6200
  -0.300   0.1949   0.00922   0.00326  -0.0492   0.6379   0.6310
  -0.200   0.2050   0.00921   0.00327  -0.0489   0.6336   0.6412
  -0.100   0.2156   0.00920   0.00328  -0.0487   0.6287   0.6520
   0.000   0.2258   0.00918   0.00330  -0.0484   0.6239   0.6621
   0.100   0.2361   0.00919   0.00331  -0.0482   0.6193   0.6728
   0.200   0.2463   0.00920   0.00332  -0.0479   0.6150   0.6825
   0.300   0.2568   0.00919   0.00334  -0.0477   0.6105   0.6929
   0.400   0.2672   0.00918   0.00336  -0.0474   0.6059   0.7026
   0.500   0.2775   0.00919   0.00338  -0.0472   0.6014   0.7129
   0.600   0.2877   0.00921   0.00339  -0.0469   0.5972   0.7223
   0.700   0.2980   0.00923   0.00342  -0.0466   0.5932   0.7322
   0.800   0.3086   0.00922   0.00344  -0.0464   0.5888   0.7419
   0.900   0.3188   0.00922   0.00348  -0.0461   0.5844   0.7516
   1.000   0.3292   0.00925   0.00349  -0.0459   0.5801   0.7615
   1.100   0.3393   0.00927   0.00353  -0.0456   0.5762   0.7703
   1.200   0.3497   0.00930   0.00356  -0.0453   0.5724   0.7802
   1.300   0.3602   0.00929   0.00360  -0.0451   0.5683   0.7892
   1.400   0.3705   0.00931   0.00363  -0.0448   0.5641   0.7987
   1.500   0.3807   0.00934   0.00366  -0.0445   0.5601   0.8076
   1.600   0.3909   0.00938   0.00370  -0.0442   0.5564   0.8164
   1.700   0.4011   0.00942   0.00374  -0.0439   0.5528   0.8258
   1.800   0.4116   0.00943   0.00379  -0.0436   0.5490   0.8339
   1.900   0.4219   0.00946   0.00383  -0.0433   0.5451   0.8429
   2.000   0.4321   0.00949   0.00387  -0.0430   0.5412   0.8510
   2.100   0.4423   0.00955   0.00392  -0.0427   0.5376   0.8590
   2.200   0.4522   0.00962   0.00396  -0.0423   0.5341   0.8678
   2.300   0.4629   0.00964   0.00402  -0.0421   0.5306   0.8748
   2.400   0.4733   0.00968   0.00408  -0.0418   0.5269   0.8826
   2.500   0.4833   0.00972   0.00412  -0.0415   0.5231   0.8903
   2.600   0.4940   0.00979   0.00418  -0.0412   0.5195   0.8967
   2.700   0.5041   0.00987   0.00423  -0.0409   0.5161   0.9042
   2.800   0.5144   0.00993   0.00429  -0.0406   0.5128   0.9109
   2.900   0.5260   0.00998   0.00436  -0.0405   0.5092   0.9163
   3.000   0.5365   0.01003   0.00442  -0.0403   0.5056   0.9231
   3.100   0.5470   0.01010   0.00447  -0.0400   0.5019   0.9293
   3.200   0.5596   0.01019   0.00454  -0.0402   0.4983   0.9336
   3.300   0.5710   0.01030   0.00460  -0.0402   0.4949   0.9389
   3.400   0.5810   0.01035   0.00466  -0.0398   0.4917   0.9455
   3.500   0.5955   0.01041   0.00474  -0.0404   0.4879   0.9484
   3.600   0.6095   0.01049   0.00481  -0.0410   0.4839   0.9519
   3.700   0.6226   0.01058   0.00487  -0.0413   0.4803   0.9561
   3.800   0.6329   0.01068   0.00493  -0.0411   0.4769   0.9616
   3.900   0.6492   0.01079   0.00502  -0.0421   0.4732   0.9634
   4.000   0.6656   0.01085   0.00509  -0.0432   0.4693   0.9655
   4.100   0.6817   0.01093   0.00517  -0.0442   0.4652   0.9677
   4.200   0.6977   0.01102   0.00524  -0.0452   0.4612   0.9700
   4.300   0.7128   0.01113   0.00530  -0.0460   0.4573   0.9726
   4.400   0.7258   0.01124   0.00538  -0.0464   0.4538   0.9763
   4.500   0.7443   0.01129   0.00546  -0.0480   0.4497   0.9775
   4.600   0.7626   0.01137   0.00553  -0.0495   0.4452   0.9789
   4.700   0.7804   0.01147   0.00560  -0.0509   0.4409   0.9806
   4.800   0.7975   0.01159   0.00567  -0.0521   0.4369   0.9825
   4.900   0.8144   0.01166   0.00575  -0.0534   0.4329   0.9847
   5.000   0.8305   0.01173   0.00582  -0.0544   0.4286   0.9871
   5.100   0.8451   0.01181   0.00589  -0.0552   0.4243   0.9896
   5.200   0.8617   0.01190   0.00594  -0.0564   0.4200   0.9907
   5.300   0.8780   0.01200   0.00600  -0.0575   0.4158   0.9920
   5.400   0.8948   0.01203   0.00606  -0.0588   0.4115   0.9933
   5.500   0.9109   0.01209   0.00611  -0.0599   0.4069   0.9949
   5.600   0.9266   0.01218   0.00618  -0.0609   0.4023   0.9965
   5.700   0.9419   0.01230   0.00625  -0.0619   0.3980   0.9980
   5.800   0.9582   0.01235   0.00631  -0.0630   0.3936   0.9994
   5.900   0.9692   0.01240   0.00636  -0.0631   0.3893   1.0000
   6.000   0.9752   0.01245   0.00640  -0.0622   0.3855   1.0000
   6.100   0.9808   0.01252   0.00644  -0.0612   0.3819   1.0000
   6.200   0.9862   0.01260   0.00649  -0.0602   0.3785   1.0000
   6.300   0.9928   0.01262   0.00654  -0.0593   0.3749   1.0000
   6.400   0.9990   0.01267   0.00658  -0.0584   0.3710   1.0000
   6.500   1.0045   0.01273   0.00663  -0.0574   0.3672   1.0000
   6.600   1.0096   0.01282   0.00669  -0.0562   0.3635   1.0000
   6.700   1.0145   0.01291   0.00675  -0.0551   0.3600   1.0000
   6.800   1.0209   0.01295   0.00681  -0.0542   0.3563   1.0000
   6.900   1.0267   0.01301   0.00687  -0.0532   0.3524   1.0000
   7.000   1.0318   0.01309   0.00693  -0.0520   0.3485   1.0000
   7.100   1.0364   0.01319   0.00700  -0.0508   0.3448   1.0000
   7.200   1.0414   0.01328   0.00708  -0.0496   0.3412   1.0000
   7.300   1.0476   0.01334   0.00714  -0.0487   0.3374   1.0000
   7.400   1.0531   0.01341   0.00721  -0.0476   0.3334   1.0000
   7.500   1.0579   0.01351   0.00729  -0.0465   0.3295   1.0000
   7.600   1.0621   0.01363   0.00737  -0.0452   0.3258   1.0000
   7.700   1.0678   0.01372   0.00746  -0.0441   0.3222   1.0000
   7.800   1.0738   0.01379   0.00754  -0.0431   0.3182   1.0000
   7.900   1.0790   0.01389   0.00762  -0.0420   0.3141   1.0000
   8.000   1.0834   0.01401   0.00772  -0.0408   0.3102   1.0000
   8.100   1.0873   0.01416   0.00783  -0.0395   0.3066   1.0000
   8.200   1.0937   0.01423   0.00792  -0.0385   0.3028   1.0000
   8.300   1.0987   0.01432   0.00801  -0.0374   0.2987   1.0000
   8.400   1.1029   0.01444   0.00811  -0.0361   0.2948   1.0000
   8.500   1.1063   0.01459   0.00823  -0.0347   0.2911   1.0000
   8.600   1.1115   0.01472   0.00835  -0.0336   0.2874   1.0000
   8.700   1.1178   0.01482   0.00846  -0.0328   0.2833   1.0000
   8.800   1.1233   0.01496   0.00859  -0.0318   0.2791   1.0000
   8.900   1.1279   0.01514   0.00874  -0.0307   0.2752   1.0000
   9.000   1.1331   0.01532   0.00890  -0.0297   0.2714   1.0000
   9.100   1.1402   0.01544   0.00903  -0.0290   0.2673   1.0000
   9.200   1.1464   0.01560   0.00918  -0.0282   0.2630   1.0000
   9.300   1.1516   0.01580   0.00935  -0.0273   0.2589   1.0000
   9.400   1.1565   0.01602   0.00955  -0.0263   0.2551   1.0000
   9.500   1.1640   0.01615   0.00970  -0.0258   0.2511   1.0000
   9.600   1.1704   0.01634   0.00987  -0.0251   0.2468   1.0000
   9.700   1.1756   0.01656   0.01007  -0.0242   0.2427   1.0000
   9.800   1.1804   0.01682   0.01031  -0.0233   0.2389   1.0000
   9.900   1.1878   0.01698   0.01048  -0.0228   0.2349   1.0000
  10.000   1.1941   0.01718   0.01068  -0.0221   0.2307   1.0000
  10.100   1.1992   0.01744   0.01091  -0.0213   0.2267   1.0000
  10.200   1.2037   0.01774   0.01118  -0.0204   0.2230   1.0000
  10.300   1.2110   0.01792   0.01138  -0.0199   0.2192   1.0000
  10.400   1.2171   0.01815   0.01161  -0.0193   0.2151   1.0000
  10.500   1.2220   0.01845   0.01188  -0.0185   0.2112   1.0000
  10.600   1.2262   0.01878   0.01218  -0.0176   0.2076   1.0000
  10.700   1.2331   0.01899   0.01241  -0.0172   0.2038   1.0000
  10.800   1.2389   0.01925   0.01267  -0.0165   0.1999   1.0000
  10.900   1.2435   0.01958   0.01298  -0.0158   0.1962   1.0000
  11.000   1.2472   0.01997   0.01334  -0.0149   0.1928   1.0000
  11.100   1.2540   0.02020   0.01359  -0.0145   0.1893   1.0000
  11.200   1.2595   0.02051   0.01389  -0.0139   0.1856   1.0000
  11.300   1.2638   0.02088   0.01425  -0.0131   0.1821   1.0000
  11.400   1.2669   0.02132   0.01466  -0.0123   0.1788   1.0000
  11.500   1.2734   0.02159   0.01495  -0.0119   0.1756   1.0000
  11.600   1.2786   0.02192   0.01529  -0.0113   0.1722   1.0000
  11.700   1.2827   0.02234   0.01569  -0.0106   0.1689   1.0000
  11.800   1.2856   0.02282   0.01615  -0.0099   0.1658   1.0000
  11.900   1.2910   0.02317   0.01652  -0.0093   0.1629   1.0000
  12.000   1.2961   0.02354   0.01690  -0.0088   0.1597   1.0000
  12.100   1.3001   0.02399   0.01733  -0.0082   0.1567   1.0000
  12.200   1.3030   0.02450   0.01783  -0.0075   0.1539   1.0000
  12.300   1.3063   0.02500   0.01833  -0.0069   0.1512   1.0000
  12.400   1.3116   0.02538   0.01873  -0.0065   0.1484   1.0000
  12.500   1.3157   0.02585   0.01920  -0.0060   0.1456   1.0000
  12.600   1.3187   0.02639   0.01974  -0.0054   0.1430   1.0000
  12.700   1.3205   0.02703   0.02035  -0.0047   0.1406   1.0000
  12.800   1.3248   0.02751   0.02085  -0.0043   0.1382   1.0000
  12.900   1.3293   0.02798   0.02134  -0.0039   0.1357   1.0000
  13.000   1.3325   0.02854   0.02191  -0.0034   0.1332   1.0000
  13.100   1.3348   0.02918   0.02253  -0.0029   0.1310   1.0000
  13.200   1.3359   0.02991   0.02326  -0.0023   0.1289   1.0000
  13.300   1.3397   0.03046   0.02383  -0.0019   0.1268   1.0000
  13.400   1.3437   0.03100   0.02439  -0.0015   0.1246   1.0000
  13.500   1.3466   0.03163   0.02503  -0.0011   0.1225   1.0000
  13.600   1.3484   0.03236   0.02576  -0.0007   0.1205   1.0000
  13.700   1.3492   0.03317   0.02655  -0.0002   0.1187   1.0000
  13.800   1.3506   0.03394   0.02734   0.0002   0.1169   1.0000
  13.900   1.3546   0.03452   0.02794   0.0005   0.1151   1.0000
  14.000   1.3575   0.03519   0.02864   0.0008   0.1132   1.0000
  14.100   1.3593   0.03597   0.02942   0.0011   0.1114   1.0000
  14.200   1.3602   0.03682   0.03028   0.0014   0.1098   1.0000
  14.300   1.3601   0.03778   0.03123   0.0018   0.1083   1.0000
  14.400   1.3611   0.03866   0.03212   0.0021   0.1069   1.0000
  14.500   1.3647   0.03933   0.03283   0.0023   0.1053   1.0000
  14.600   1.3670   0.04010   0.03363   0.0025   0.1037   1.0000
  14.700   1.3683   0.04099   0.03453   0.0027   0.1022   1.0000
  14.800   1.3689   0.04194   0.03549   0.0029   0.1008   1.0000
  14.900   1.3685   0.04301   0.03655   0.0031   0.0995   1.0000
  15.000   1.3669   0.04419   0.03773   0.0033   0.0983   1.0000
