 -16.900  -0.3612   0.17496   0.17183  -0.0406   1.0000   0.0465
 -16.800  -0.3567   0.17419   0.17106  -0.0408   1.0000   0.0466
 -16.700  -0.3524   0.17339   0.17026  -0.0411   1.0000   0.0468
 -16.600  -0.3485   0.17255   0.16943  -0.0413   1.0000   0.0470
 -16.500  -0.3448   0.17167   0.16855  -0.0416   1.0000   0.0473
 -16.400  -0.3414   0.17075   0.16763  -0.0420   1.0000   0.0476
 -16.300  -0.3383   0.16976   0.16665  -0.0423   1.0000   0.0480
 -16.200  -0.3356   0.16871   0.16560  -0.0428   1.0000   0.0484
 -16.100  -0.3335   0.16751   0.16441  -0.0433   1.0000   0.0490
 -16.000  -0.8831   0.05720   0.05268  -0.1023   1.0000   0.0437
 -15.900  -0.8906   0.05522   0.05065  -0.1033   1.0000   0.0439
 -15.800  -0.8980   0.05338   0.04875  -0.1042   1.0000   0.0440
 -15.700  -0.9051   0.05164   0.04696  -0.1049   1.0000   0.0441
 -15.600  -0.9121   0.05001   0.04528  -0.1054   1.0000   0.0442
 -15.500  -0.9190   0.04849   0.04370  -0.1058   1.0000   0.0443
 -15.400  -0.9257   0.04711   0.04227  -0.1060   1.0000   0.0444
 -15.300  -0.9326   0.04581   0.04093  -0.1059   1.0000   0.0446
 -15.200  -0.9398   0.04461   0.03968  -0.1057   1.0000   0.0447
 -15.100  -0.9473   0.04350   0.03853  -0.1053   1.0000   0.0448
 -15.000  -0.9550   0.04248   0.03745  -0.1046   1.0000   0.0449
 -14.900  -0.9631   0.04153   0.03647  -0.1038   1.0000   0.0450
 -14.800  -0.9716   0.04067   0.03556  -0.1028   1.0000   0.0450
 -14.700  -0.9803   0.03987   0.03472  -0.1016   1.0000   0.0451
 -14.600  -0.9893   0.03914   0.03395  -0.1002   1.0000   0.0452
 -14.500  -0.9986   0.03847   0.03324  -0.0986   1.0000   0.0453
 -14.400  -1.0081   0.03786   0.03259  -0.0969   1.0000   0.0453
 -14.300  -1.0179   0.03730   0.03199  -0.0950   1.0000   0.0454
 -14.200  -1.0280   0.03680   0.03145  -0.0930   1.0000   0.0455
 -14.100  -1.0259   0.03597   0.03053  -0.0934   0.9989   0.0457
 -14.000  -1.0218   0.03517   0.02964  -0.0941   0.9973   0.0459
 -13.900  -1.0169   0.03437   0.02877  -0.0945   0.9957   0.0461
 -13.800  -1.0092   0.03366   0.02807  -0.0950   0.9946   0.0464
 -13.700  -1.0006   0.03312   0.02753  -0.0956   0.9934   0.0467
 -13.600  -0.9915   0.03264   0.02706  -0.0961   0.9923   0.0470
 -13.500  -0.9820   0.03220   0.02661  -0.0967   0.9913   0.0473
 -13.400  -0.9721   0.03177   0.02617  -0.0974   0.9904   0.0476
 -13.300  -0.9653   0.03136   0.02574  -0.0974   0.9885   0.0479
 -13.200  -0.9577   0.03093   0.02529  -0.0975   0.9864   0.0482
 -13.100  -0.9484   0.03049   0.02481  -0.0979   0.9847   0.0486
 -13.000  -0.9384   0.03003   0.02431  -0.0984   0.9832   0.0490
 -12.900  -0.9279   0.02957   0.02379  -0.0991   0.9818   0.0495
 -12.800  -0.9169   0.02909   0.02324  -0.0998   0.9807   0.0499
 -12.700  -0.9055   0.02863   0.02271  -0.1005   0.9796   0.0504
 -12.600  -0.8936   0.02821   0.02218  -0.1013   0.9788   0.0508
 -12.500  -0.8820   0.02759   0.02155  -0.1021   0.9781   0.0513
 -12.400  -0.8730   0.02716   0.02115  -0.1022   0.9764   0.0516
 -12.300  -0.8656   0.02684   0.02083  -0.1019   0.9737   0.0520
 -12.200  -0.8552   0.02652   0.02052  -0.1022   0.9720   0.0524
 -12.100  -0.8438   0.02620   0.02020  -0.1027   0.9705   0.0528
 -12.000  -0.8319   0.02587   0.01986  -0.1032   0.9693   0.0533
 -11.900  -0.8194   0.02553   0.01949  -0.1039   0.9683   0.0538
 -11.800  -0.8066   0.02518   0.01910  -0.1046   0.9674   0.0543
 -11.700  -0.7935   0.02482   0.01869  -0.1054   0.9667   0.0549
 -11.600  -0.7801   0.02447   0.01827  -0.1062   0.9660   0.0555
 -11.500  -0.7664   0.02415   0.01787  -0.1071   0.9654   0.0560
 -11.400  -0.7530   0.02365   0.01737  -0.1079   0.9649   0.0566
 -11.300  -0.7390   0.02324   0.01699  -0.1089   0.9644   0.0572
 -11.200  -0.7245   0.02294   0.01670  -0.1099   0.9640   0.0578
 -11.100  -0.7237   0.02279   0.01655  -0.1080   0.9586   0.0581
 -11.000  -0.7116   0.02254   0.01630  -0.1085   0.9571   0.0587
 -10.900  -0.6989   0.02228   0.01602  -0.1090   0.9559   0.0594
 -10.800  -0.6860   0.02201   0.01571  -0.1096   0.9547   0.0601
 -10.700  -0.6729   0.02173   0.01539  -0.1102   0.9536   0.0608
 -10.600  -0.6596   0.02146   0.01505  -0.1108   0.9526   0.0615
 -10.500  -0.6467   0.02110   0.01465  -0.1113   0.9517   0.0621
 -10.400  -0.6341   0.02069   0.01428  -0.1119   0.9508   0.0628
 -10.300  -0.6209   0.02039   0.01400  -0.1125   0.9500   0.0634
 -10.200  -0.6074   0.02014   0.01375  -0.1131   0.9492   0.0641
 -10.100  -0.6038   0.02001   0.01361  -0.1117   0.9444   0.0646
 -10.000  -0.5938   0.01980   0.01339  -0.1116   0.9419   0.0654
  -9.900  -0.5826   0.01959   0.01315  -0.1117   0.9399   0.0662
  -9.800  -0.5708   0.01937   0.01288  -0.1119   0.9382   0.0670
  -9.700  -0.5585   0.01917   0.01262  -0.1122   0.9367   0.0678
  -9.600  -0.5471   0.01878   0.01225  -0.1124   0.9352   0.0687
  -9.500  -0.5353   0.01849   0.01198  -0.1127   0.9339   0.0695
  -9.400  -0.5264   0.01831   0.01181  -0.1123   0.9311   0.0702
  -9.300  -0.5190   0.01817   0.01166  -0.1116   0.9274   0.0709
  -9.200  -0.5094   0.01799   0.01147  -0.1113   0.9246   0.0717
  -9.100  -0.4986   0.01779   0.01125  -0.1113   0.9223   0.0727
  -9.000  -0.4873   0.01760   0.01101  -0.1113   0.9203   0.0736
  -8.900  -0.4757   0.01744   0.01079  -0.1113   0.9185   0.0744
  -8.800  -0.4653   0.01710   0.01047  -0.1113   0.9168   0.0754
  -8.700  -0.4570   0.01691   0.01030  -0.1108   0.9137   0.0763
  -8.600  -0.4485   0.01677   0.01016  -0.1104   0.9102   0.0772
  -8.500  -0.4387   0.01662   0.01001  -0.1101   0.9073   0.0782
  -8.400  -0.4282   0.01647   0.00984  -0.1100   0.9048   0.0793
  -8.300  -0.4172   0.01632   0.00965  -0.1099   0.9026   0.0804
  -8.200  -0.4059   0.01618   0.00946  -0.1099   0.9006   0.0815
  -8.100  -0.3953   0.01591   0.00920  -0.1098   0.8988   0.0827
  -8.000  -0.3869   0.01574   0.00905  -0.1094   0.8955   0.0837
  -7.900  -0.3777   0.01560   0.00892  -0.1090   0.8922   0.0847
  -7.800  -0.3677   0.01547   0.00878  -0.1088   0.8892   0.0859
  -7.700  -0.3571   0.01534   0.00863  -0.1087   0.8866   0.0872
  -7.600  -0.3461   0.01522   0.00847  -0.1086   0.8842   0.0886
  -7.500  -0.3347   0.01509   0.00829  -0.1086   0.8820   0.0899
  -7.400  -0.3246   0.01484   0.00807  -0.1085   0.8796   0.0913
  -7.300  -0.3157   0.01472   0.00797  -0.1080   0.8759   0.0926
  -7.200  -0.3058   0.01461   0.00786  -0.1078   0.8724   0.0940
  -7.100  -0.2954   0.01449   0.00773  -0.1076   0.8693   0.0955
  -7.000  -0.2844   0.01439   0.00758  -0.1075   0.8664   0.0970
  -6.900  -0.2732   0.01426   0.00741  -0.1075   0.8638   0.0985
  -6.800  -0.2625   0.01404   0.00721  -0.1074   0.8614   0.1003
  -6.700  -0.2533   0.01393   0.00713  -0.1071   0.8576   0.1018
  -6.600  -0.2432   0.01384   0.00703  -0.1068   0.8540   0.1035
  -6.500  -0.2326   0.01375   0.00692  -0.1067   0.8507   0.1054
  -6.400  -0.2215   0.01368   0.00680  -0.1066   0.8477   0.1071
  -6.300  -0.2109   0.01349   0.00661  -0.1065   0.8450   0.1091
  -6.200  -0.1998   0.01335   0.00648  -0.1065   0.8424   0.1110
  -6.100  -0.1901   0.01327   0.00641  -0.1062   0.8386   0.1130
  -6.000  -0.1797   0.01319   0.00632  -0.1060   0.8349   0.1151
  -5.900  -0.1689   0.01313   0.00622  -0.1059   0.8314   0.1171
  -5.800  -0.1585   0.01297   0.00607  -0.1057   0.8281   0.1194
  -5.700  -0.1475   0.01285   0.00595  -0.1057   0.8251   0.1217
  -5.600  -0.1366   0.01277   0.00586  -0.1056   0.8219   0.1241
  -5.500  -0.1264   0.01271   0.00579  -0.1053   0.8178   0.1265
  -5.400  -0.1156   0.01266   0.00571  -0.1052   0.8139   0.1287
  -5.300  -0.1055   0.01250   0.00557  -0.1050   0.8102   0.1315
  -5.200  -0.0946   0.01240   0.00547  -0.1049   0.8068   0.1342
  -5.100  -0.0832   0.01234   0.00538  -0.1049   0.8036   0.1371
  -5.000  -0.0729   0.01229   0.00532  -0.1047   0.7995   0.1398
  -4.900  -0.0627   0.01219   0.00523  -0.1045   0.7955   0.1427
  -4.800  -0.0522   0.01209   0.00514  -0.1044   0.7917   0.1458
  -4.700  -0.0412   0.01202   0.00506  -0.1043   0.7882   0.1490
  -4.600  -0.0298   0.01198   0.00498  -0.1043   0.7849   0.1523
  -4.500  -0.0194   0.01191   0.00491  -0.1041   0.7808   0.1554
  -4.400  -0.0093   0.01181   0.00484  -0.1039   0.7765   0.1589
  -4.300   0.0013   0.01174   0.00478  -0.1037   0.7723   0.1625
  -4.200   0.0124   0.01171   0.00470  -0.1037   0.7685   0.1662
  -4.000   0.0336   0.01156   0.00457  -0.1034   0.7606   0.1738
  -3.900   0.0441   0.01150   0.00452  -0.1032   0.7561   0.1779
  -3.800   0.0550   0.01147   0.00446  -0.1031   0.7520   0.1820
  -3.700   0.0659   0.01142   0.00438  -0.1030   0.7482   0.1861
  -3.600   0.0766   0.01135   0.00433  -0.1029   0.7445   0.1907
  -3.500   0.0871   0.01130   0.00429  -0.1027   0.7401   0.1953
  -3.400   0.0979   0.01128   0.00425  -0.1026   0.7357   0.1996
  -3.300   0.1084   0.01121   0.00419  -0.1025   0.7314   0.2044
  -3.200   0.1192   0.01117   0.00413  -0.1023   0.7275   0.2095
  -3.100   0.1299   0.01114   0.00410  -0.1022   0.7233   0.2146
  -3.000   0.1405   0.01110   0.00406  -0.1021   0.7187   0.2195
  -2.900   0.1509   0.01104   0.00402  -0.1019   0.7142   0.2250
  -2.800   0.1616   0.01101   0.00398  -0.1018   0.7099   0.2306
  -2.700   0.1727   0.01102   0.00393  -0.1017   0.7061   0.2359
  -2.600   0.1829   0.01094   0.00391  -0.1015   0.7017   0.2419
  -2.500   0.1935   0.01090   0.00388  -0.1014   0.6972   0.2481
  -2.400   0.2042   0.01089   0.00385  -0.1012   0.6928   0.2540
  -2.300   0.2148   0.01086   0.00381  -0.1011   0.6888   0.2603
  -2.200   0.2254   0.01083   0.00379  -0.1010   0.6847   0.2671
  -2.100   0.2360   0.01081   0.00377  -0.1008   0.6801   0.2736
  -2.000   0.2464   0.01076   0.00374  -0.1007   0.6755   0.2804
  -1.900   0.2569   0.01074   0.00372  -0.1005   0.6713   0.2878
  -1.800   0.2677   0.01075   0.00369  -0.1004   0.6673   0.2949
  -1.700   0.2781   0.01069   0.00368  -0.1002   0.6631   0.3027
  -1.600   0.2886   0.01066   0.00367  -0.1001   0.6587   0.3109
  -1.500   0.2991   0.01065   0.00365  -0.0999   0.6544   0.3188
  -1.400   0.3095   0.01062   0.00363  -0.0997   0.6504   0.3277
  -1.300   0.3202   0.01063   0.00361  -0.0996   0.6466   0.3367
  -1.200   0.3305   0.01057   0.00361  -0.0995   0.6424   0.3462
  -1.100   0.3409   0.01054   0.00360  -0.0993   0.6381   0.3564
  -1.000   0.3512   0.01051   0.00358  -0.0991   0.6339   0.3671
  -0.900   0.3616   0.01050   0.00357  -0.0989   0.6301   0.3791
  -0.800   0.3718   0.01046   0.00356  -0.0988   0.6265   0.3920
  -0.700   0.3821   0.01040   0.00356  -0.0986   0.6225   0.4066
  -0.500   0.4023   0.01029   0.00357  -0.0982   0.6148   0.4452
  -0.400   0.4122   0.01025   0.00358  -0.0979   0.6112   0.4688
  -0.300   0.4220   0.01021   0.00359  -0.0977   0.6078   0.4945
  -0.200   0.4319   0.01013   0.00362  -0.0974   0.6042   0.5217
  -0.100   0.4418   0.01006   0.00364  -0.0972   0.6005   0.5486
   0.000   0.4516   0.01002   0.00366  -0.0969   0.5968   0.5745
   0.100   0.4615   0.00999   0.00369  -0.0966   0.5934   0.5989
   0.200   0.4713   0.00997   0.00371  -0.0963   0.5903   0.6226
   0.300   0.4812   0.00995   0.00375  -0.0960   0.5872   0.6456
   0.400   0.4911   0.00991   0.00378  -0.0957   0.5840   0.6676
   0.500   0.5010   0.00988   0.00382  -0.0953   0.5806   0.6889
   0.600   0.5107   0.00985   0.00385  -0.0950   0.5774   0.7098
   0.700   0.5204   0.00984   0.00389  -0.0946   0.5743   0.7302
   0.800   0.5300   0.00985   0.00392  -0.0942   0.5713   0.7501
   0.900   0.5398   0.00986   0.00397  -0.0938   0.5685   0.7694
   1.000   0.5494   0.00984   0.00402  -0.0933   0.5656   0.7887
   1.100   0.5590   0.00982   0.00407  -0.0929   0.5627   0.8079
   1.200   0.5686   0.00983   0.00411  -0.0924   0.5598   0.8266
   1.400   0.5876   0.00987   0.00421  -0.0914   0.5543   0.8626
   1.500   0.5974   0.00993   0.00426  -0.0910   0.5516   0.8794
   1.600   0.6078   0.00999   0.00432  -0.0907   0.5490   0.8950
   1.700   0.6185   0.01002   0.00438  -0.0904   0.5464   0.9098
   1.800   0.6301   0.01006   0.00444  -0.0904   0.5437   0.9233
   1.900   0.6432   0.01011   0.00450  -0.0906   0.5410   0.9346
   2.000   0.6558   0.01018   0.00455  -0.0908   0.5383   0.9456
   2.100   0.6712   0.01026   0.00460  -0.0917   0.5356   0.9535
   2.200   0.6849   0.01035   0.00465  -0.0921   0.5330   0.9621
   2.300   0.7021   0.01047   0.00472  -0.0934   0.5303   0.9676
   2.400   0.7170   0.01053   0.00478  -0.0941   0.5279   0.9744
   2.500   0.7340   0.01058   0.00483  -0.0954   0.5252   0.9788
   2.600   0.7525   0.01065   0.00489  -0.0969   0.5225   0.9823
   2.700   0.7701   0.01072   0.00495  -0.0983   0.5198   0.9861
   2.800   0.7869   0.01081   0.00500  -0.0995   0.5172   0.9897
   2.900   0.8059   0.01089   0.00504  -0.1012   0.5145   0.9919
   3.000   0.8244   0.01100   0.00509  -0.1028   0.5119   0.9943
   3.100   0.8426   0.01107   0.00515  -0.1043   0.5095   0.9968
   3.200   0.8608   0.01112   0.00521  -0.1059   0.5070   0.9992
   3.300   0.8720   0.01116   0.00525  -0.1060   0.5047   1.0000
   3.400   0.8792   0.01119   0.00527  -0.1052   0.5024   1.0000
   3.500   0.8865   0.01123   0.00529  -0.1045   0.5002   1.0000
   3.600   0.8940   0.01128   0.00532  -0.1038   0.4981   1.0000
   3.700   0.9017   0.01134   0.00535  -0.1032   0.4960   1.0000
   3.800   0.9097   0.01142   0.00538  -0.1026   0.4938   1.0000
   3.900   0.9184   0.01151   0.00544  -0.1022   0.4916   1.0000
   4.000   0.9259   0.01154   0.00548  -0.1014   0.4898   1.0000
   4.100   0.9335   0.01157   0.00552  -0.1008   0.4877   1.0000
   4.200   0.9413   0.01161   0.00557  -0.1001   0.4856   1.0000
   4.300   0.9493   0.01165   0.00561  -0.0995   0.4834   1.0000
   4.400   0.9573   0.01170   0.00565  -0.0989   0.4812   1.0000
   4.500   0.9654   0.01177   0.00569  -0.0983   0.4791   1.0000
   4.600   0.9737   0.01184   0.00573  -0.0977   0.4770   1.0000
   4.700   0.9824   0.01193   0.00578  -0.0973   0.4749   1.0000
   4.800   0.9919   0.01204   0.00586  -0.0970   0.4726   1.0000
   4.900   0.9997   0.01207   0.00591  -0.0963   0.4708   1.0000
   5.000   1.0077   0.01212   0.00597  -0.0957   0.4687   1.0000
   5.100   1.0160   0.01216   0.00602  -0.0952   0.4666   1.0000
   5.200   1.0245   0.01222   0.00608  -0.0946   0.4644   1.0000
   5.300   1.0330   0.01228   0.00613  -0.0941   0.4622   1.0000
   5.400   1.0418   0.01235   0.00619  -0.0937   0.4600   1.0000
   5.500   1.0506   0.01243   0.00624  -0.0933   0.4579   1.0000
   5.600   1.0599   0.01254   0.00631  -0.0929   0.4557   1.0000
   5.700   1.0697   0.01265   0.00640  -0.0927   0.4534   1.0000
   5.800   1.0779   0.01269   0.00647  -0.0921   0.4515   1.0000
   5.900   1.0864   0.01274   0.00654  -0.0916   0.4494   1.0000
   6.000   1.0949   0.01280   0.00661  -0.0912   0.4471   1.0000
   6.100   1.1035   0.01286   0.00667  -0.0907   0.4448   1.0000
   6.200   1.1122   0.01294   0.00674  -0.0902   0.4425   1.0000
   6.300   1.1210   0.01302   0.00680  -0.0898   0.4403   1.0000
   6.400   1.1300   0.01312   0.00688  -0.0894   0.4381   1.0000
   6.500   1.1396   0.01325   0.00697  -0.0892   0.4357   1.0000
   6.600   1.1481   0.01332   0.00705  -0.0887   0.4336   1.0000
   6.700   1.1563   0.01338   0.00714  -0.0882   0.4314   1.0000
   6.800   1.1645   0.01344   0.00722  -0.0876   0.4291   1.0000
   6.900   1.1727   0.01351   0.00730  -0.0871   0.4267   1.0000
   7.000   1.1809   0.01359   0.00737  -0.0866   0.4243   1.0000
   7.100   1.1890   0.01368   0.00745  -0.0860   0.4220   1.0000
   7.200   1.1970   0.01378   0.00753  -0.0855   0.4197   1.0000
   7.300   1.2059   0.01392   0.00763  -0.0851   0.4172   1.0000
   7.400   1.2133   0.01399   0.00772  -0.0844   0.4150   1.0000
   7.500   1.2203   0.01406   0.00782  -0.0837   0.4127   1.0000
   7.600   1.2275   0.01413   0.00791  -0.0830   0.4102   1.0000
   7.700   1.2348   0.01421   0.00800  -0.0823   0.4076   1.0000
   7.800   1.2421   0.01431   0.00810  -0.0816   0.4051   1.0000
   7.900   1.2495   0.01442   0.00819  -0.0810   0.4026   1.0000
   8.000   1.2571   0.01456   0.00830  -0.0804   0.4002   1.0000
   8.100   1.2649   0.01468   0.00841  -0.0798   0.3977   1.0000
   8.200   1.2722   0.01476   0.00853  -0.0792   0.3952   1.0000
   8.300   1.2795   0.01486   0.00865  -0.0785   0.3924   1.0000
   8.400   1.2869   0.01496   0.00877  -0.0779   0.3896   1.0000
   8.500   1.2940   0.01508   0.00888  -0.0773   0.3869   1.0000
   8.600   1.3009   0.01522   0.00900  -0.0766   0.3842   1.0000
   8.700   1.3078   0.01539   0.00913  -0.0759   0.3816   1.0000
   8.800   1.3152   0.01551   0.00928  -0.0754   0.3789   1.0000
   8.900   1.3227   0.01562   0.00942  -0.0748   0.3760   1.0000
   9.000   1.3300   0.01574   0.00956  -0.0742   0.3730   1.0000
   9.100   1.3368   0.01589   0.00971  -0.0736   0.3700   1.0000
   9.200   1.3432   0.01606   0.00986  -0.0729   0.3671   1.0000
   9.300   1.3494   0.01625   0.01002  -0.0721   0.3643   1.0000
   9.400   1.3565   0.01641   0.01019  -0.0716   0.3615   1.0000
   9.500   1.3640   0.01654   0.01036  -0.0710   0.3584   1.0000
   9.600   1.3708   0.01671   0.01054  -0.0704   0.3552   1.0000
   9.700   1.3771   0.01689   0.01072  -0.0698   0.3520   1.0000
   9.800   1.3829   0.01711   0.01092  -0.0690   0.3490   1.0000
   9.900   1.3885   0.01735   0.01113  -0.0683   0.3460   1.0000
  10.000   1.3959   0.01750   0.01132  -0.0678   0.3430   1.0000
  10.100   1.4027   0.01769   0.01152  -0.0672   0.3396   1.0000
  10.200   1.4088   0.01790   0.01174  -0.0666   0.3363   1.0000
  10.300   1.4144   0.01814   0.01197  -0.0659   0.3331   1.0000
  10.400   1.4194   0.01843   0.01222  -0.0651   0.3299   1.0000
  10.500   1.4259   0.01864   0.01246  -0.0645   0.3268   1.0000
  10.600   1.4325   0.01885   0.01269  -0.0640   0.3235   1.0000
  10.700   1.4383   0.01910   0.01295  -0.0633   0.3200   1.0000
  10.800   1.4434   0.01939   0.01323  -0.0626   0.3166   1.0000
  10.900   1.4478   0.01972   0.01353  -0.0618   0.3133   1.0000
  11.000   1.4536   0.01999   0.01381  -0.0612   0.3102   1.0000
  11.100   1.4599   0.02023   0.01408  -0.0607   0.3067   1.0000
  11.200   1.4653   0.02053   0.01438  -0.0600   0.3030   1.0000
  11.300   1.4697   0.02087   0.01472  -0.0593   0.2996   1.0000
  11.400   1.4733   0.02127   0.01509  -0.0585   0.2963   1.0000
  11.500   1.4790   0.02157   0.01541  -0.0579   0.2930   1.0000
  11.600   1.4847   0.02187   0.01573  -0.0574   0.2893   1.0000
  11.700   1.4893   0.02223   0.01609  -0.0567   0.2856   1.0000
  11.800   1.4927   0.02266   0.01650  -0.0559   0.2821   1.0000
  11.900   1.4956   0.02312   0.01695  -0.0551   0.2788   1.0000
  12.000   1.5016   0.02343   0.01728  -0.0546   0.2753   1.0000
  12.100   1.5064   0.02381   0.01767  -0.0540   0.2715   1.0000
  12.200   1.5098   0.02427   0.01813  -0.0533   0.2679   1.0000
  12.300   1.5119   0.02481   0.01865  -0.0525   0.2644   1.0000
  12.400   1.5162   0.02524   0.01909  -0.0519   0.2610   1.0000
  12.500   1.5210   0.02564   0.01951  -0.0514   0.2573   1.0000
  12.600   1.5242   0.02614   0.02001  -0.0507   0.2535   1.0000
  12.700   1.5261   0.02674   0.02059  -0.0500   0.2500   1.0000
  12.800   1.5282   0.02732   0.02117  -0.0492   0.2466   1.0000
  12.900   1.5328   0.02776   0.02163  -0.0487   0.2430   1.0000
  13.000   1.5359   0.02831   0.02218  -0.0481   0.2392   1.0000
  13.100   1.5376   0.02895   0.02282  -0.0475   0.2355   1.0000
  13.200   1.5379   0.02970   0.02354  -0.0467   0.2322   1.0000
  13.300   1.5421   0.03020   0.02407  -0.0462   0.2287   1.0000
  13.400   1.5450   0.03079   0.02468  -0.0457   0.2249   1.0000
  13.500   1.5465   0.03149   0.02537  -0.0451   0.2213   1.0000
  13.600   1.5463   0.03233   0.02620  -0.0443   0.2180   1.0000
  13.700   1.5488   0.03298   0.02686  -0.0438   0.2146   1.0000
  13.800   1.5517   0.03362   0.02751  -0.0434   0.2109   1.0000
  13.900   1.5526   0.03441   0.02831  -0.0428   0.2073   1.0000
  14.000   1.5521   0.03534   0.02922  -0.0422   0.2039   1.0000
  14.100   1.5532   0.03615   0.03003  -0.0417   0.2008   1.0000
  14.200   1.5556   0.03686   0.03077  -0.0413   0.1973   1.0000
  14.300   1.5564   0.03772   0.03163  -0.0408   0.1938   1.0000
  14.400   1.5557   0.03870   0.03260  -0.0402   0.1905   1.0000
  14.500   1.5544   0.03976   0.03366  -0.0397   0.1875   1.0000
  14.600   1.5568   0.04050   0.03443  -0.0394   0.1842   1.0000
  14.700   1.5576   0.04141   0.03534  -0.0390   0.1808   1.0000
  14.800   1.5564   0.04250   0.03643  -0.0385   0.1776   1.0000
  14.900   1.5541   0.04370   0.03762  -0.0380   0.1747   1.0000
  15.000   1.5556   0.04457   0.03851  -0.0377   0.1717   1.0000
  15.100   1.5561   0.04556   0.03951  -0.0374   0.1686   1.0000
  15.200   1.5552   0.04666   0.04062  -0.0371   0.1655   1.0000
  15.300   1.5527   0.04794   0.04189  -0.0367   0.1627   1.0000
  15.400   1.5514   0.04911   0.04307  -0.0364   0.1601   1.0000
  15.500   1.5524   0.05007   0.04406  -0.0361   0.1572   1.0000
  15.600   1.5514   0.05124   0.04524  -0.0359   0.1543   1.0000
  15.700   1.5491   0.05255   0.04654  -0.0356   0.1516   1.0000
  15.800   1.5458   0.05397   0.04796  -0.0353   0.1491   1.0000
  15.900   1.5458   0.05508   0.04910  -0.0352   0.1466   1.0000
  16.000   1.5455   0.05622   0.05026  -0.0350   0.1439   1.0000
  16.100   1.5440   0.05749   0.05154  -0.0348   0.1413   1.0000
  16.200   1.5407   0.05896   0.05301  -0.0346   0.1390   1.0000
  16.300   1.5367   0.06051   0.05455  -0.0345   0.1368   1.0000
  16.400   1.5373   0.06157   0.05565  -0.0344   0.1345   1.0000
  16.500   1.5362   0.06285   0.05695  -0.0343   0.1321   1.0000
  16.600   1.5341   0.06423   0.05834  -0.0342   0.1298   1.0000
  16.700   1.5309   0.06573   0.05984  -0.0341   0.1277   1.0000
  16.800   1.5264   0.06742   0.06152  -0.0340   0.1257   1.0000
  16.900   1.5263   0.06860   0.06274  -0.0340   0.1237   1.0000
  17.000   1.5257   0.06984   0.06400  -0.0340   0.1215   1.0000
  17.100   1.5232   0.07131   0.06549  -0.0340   0.1195   1.0000
  17.200   1.5200   0.07286   0.06704  -0.0340   0.1176   1.0000
  17.300   1.5162   0.07448   0.06866  -0.0340   0.1158   1.0000
  17.400   1.5135   0.07599   0.07019  -0.0340   0.1141   1.0000
  17.500   1.5131   0.07724   0.07148  -0.0340   0.1123   1.0000
  17.600   1.5117   0.07861   0.07287  -0.0341   0.1104   1.0000
  17.700   1.5093   0.08011   0.07438  -0.0342   0.1086   1.0000
  17.800   1.5056   0.08178   0.07606  -0.0343   0.1071   1.0000
  17.900   1.5015   0.08350   0.07777  -0.0344   0.1056   1.0000
  18.000   1.5003   0.08486   0.07915  -0.0345   0.1040   1.0000
  18.100   1.4996   0.08617   0.08050  -0.0346   0.1023   1.0000
  18.200   1.4977   0.08763   0.08198  -0.0348   0.1008   1.0000
  18.300   1.4954   0.08915   0.08352  -0.0349   0.0992   1.0000
  18.400   1.4925   0.09073   0.08510  -0.0351   0.0978   1.0000
  18.500   1.4884   0.09248   0.08685  -0.0353   0.0966   1.0000
  18.600   1.4857   0.09406   0.08844  -0.0356   0.0953   1.0000
  18.700   1.4859   0.09529   0.08971  -0.0357   0.0938   1.0000
  18.800   1.4851   0.09664   0.09109  -0.0359   0.0924   1.0000
  18.900   1.4834   0.09811   0.09258  -0.0362   0.0911   1.0000
  19.000   1.4806   0.09974   0.09422  -0.0365   0.0898   1.0000
  19.100   1.4775   0.10139   0.09586  -0.0368   0.0887   1.0000
  19.200   1.4743   0.10304   0.09750  -0.0371   0.0875   1.0000
  19.300   1.4737   0.10436   0.09885  -0.0373   0.0864   1.0000
  19.400   1.4733   0.10569   0.10022  -0.0376   0.0852   1.0000
  19.500   1.4721   0.10711   0.10168  -0.0379   0.0840   1.0000
  19.600   1.4707   0.10858   0.10316  -0.0382   0.0828   1.0000
  19.700   1.4690   0.11007   0.10466  -0.0386   0.0817   1.0000
  19.800   1.4669   0.11160   0.10619  -0.0389   0.0807   1.0000
  19.900   1.4640   0.11325   0.10782  -0.0394   0.0797   1.0000
  20.000   1.4628   0.11468   0.10927  -0.0397   0.0787   1.0000
