 -10.000  -0.3712   0.09848   0.09587  -0.0458   1.0000   0.0403
  -9.900  -0.3704   0.09783   0.09523  -0.0451   1.0000   0.0405
  -9.800  -0.3701   0.09719   0.09460  -0.0444   1.0000   0.0406
  -9.700  -0.3703   0.09656   0.09399  -0.0437   1.0000   0.0407
  -9.600  -0.3711   0.09592   0.09336  -0.0429   1.0000   0.0409
  -9.500  -0.3725   0.09527   0.09273  -0.0421   1.0000   0.0410
  -9.400  -0.3747   0.09462   0.09210  -0.0412   1.0000   0.0412
  -9.300  -0.3775   0.09397   0.09146  -0.0404   1.0000   0.0414
  -9.200  -0.3809   0.09332   0.09083  -0.0394   1.0000   0.0415
  -9.100  -0.3850   0.09266   0.09019  -0.0385   1.0000   0.0417
  -9.000  -0.3896   0.09200   0.08955  -0.0375   1.0000   0.0419
  -8.800  -0.3797   0.08866   0.08621  -0.0410   0.9982   0.0428
  -8.700  -0.3750   0.08659   0.08414  -0.0434   0.9969   0.0434
  -8.600  -0.3716   0.08404   0.08159  -0.0465   0.9953   0.0442
  -8.500  -0.3905   0.07024   0.06780  -0.0680   0.9868   0.0463
  -8.400  -0.4921   0.02325   0.01805  -0.0979   0.9705   0.0311
  -8.300  -0.4780   0.02273   0.01745  -0.0988   0.9698   0.0316
  -8.200  -0.4637   0.02216   0.01679  -0.0998   0.9692   0.0321
  -8.100  -0.4491   0.02158   0.01609  -0.1007   0.9687   0.0326
  -7.900  -0.4291   0.02067   0.01499  -0.1006   0.9636   0.0334
  -7.800  -0.4159   0.02029   0.01448  -0.1012   0.9621   0.0338
  -7.700  -0.4030   0.01950   0.01360  -0.1019   0.9609   0.0344
  -7.600  -0.3890   0.01896   0.01306  -0.1027   0.9599   0.0350
  -7.500  -0.3739   0.01867   0.01278  -0.1037   0.9590   0.0357
  -7.400  -0.3587   0.01841   0.01251  -0.1047   0.9582   0.0363
  -7.300  -0.3437   0.01811   0.01218  -0.1055   0.9573   0.0371
  -7.200  -0.3289   0.01779   0.01180  -0.1064   0.9565   0.0378
  -7.100  -0.3141   0.01744   0.01139  -0.1071   0.9556   0.0385
  -7.000  -0.2995   0.01713   0.01100  -0.1079   0.9548   0.0392
  -6.900  -0.2895   0.01693   0.01073  -0.1076   0.9520   0.0396
  -6.800  -0.2802   0.01634   0.01011  -0.1074   0.9491   0.0403
  -6.700  -0.2686   0.01595   0.00972  -0.1076   0.9470   0.0411
  -6.600  -0.2560   0.01571   0.00948  -0.1079   0.9454   0.0419
  -6.500  -0.2431   0.01551   0.00928  -0.1083   0.9439   0.0427
  -6.400  -0.2300   0.01531   0.00906  -0.1087   0.9425   0.0437
  -6.300  -0.2166   0.01511   0.00882  -0.1091   0.9413   0.0448
  -6.200  -0.2033   0.01491   0.00858  -0.1095   0.9401   0.0457
  -6.100  -0.1927   0.01480   0.00841  -0.1093   0.9375   0.0464
  -6.000  -0.1842   0.01430   0.00791  -0.1089   0.9341   0.0475
  -5.900  -0.1735   0.01404   0.00767  -0.1088   0.9315   0.0485
  -5.800  -0.1617   0.01385   0.00748  -0.1089   0.9294   0.0495
  -5.700  -0.1496   0.01368   0.00729  -0.1091   0.9276   0.0506
  -5.600  -0.1373   0.01351   0.00710  -0.1093   0.9259   0.0519
  -5.500  -0.1249   0.01337   0.00692  -0.1094   0.9244   0.0532
  -5.400  -0.1150   0.01331   0.00681  -0.1091   0.9211   0.0541
  -5.300  -0.1058   0.01290   0.00643  -0.1088   0.9178   0.0559
  -5.200  -0.0948   0.01272   0.00627  -0.1087   0.9151   0.0573
  -5.100  -0.0834   0.01258   0.00612  -0.1087   0.9127   0.0588
  -5.000  -0.0717   0.01244   0.00595  -0.1088   0.9106   0.0604
  -4.900  -0.0597   0.01231   0.00579  -0.1088   0.9086   0.0621
  -4.800  -0.0497   0.01219   0.00564  -0.1085   0.9050   0.0635
  -4.700  -0.0399   0.01191   0.00540  -0.1083   0.9014   0.0658
  -4.600  -0.0290   0.01178   0.00527  -0.1082   0.8983   0.0678
  -4.500  -0.0176   0.01167   0.00514  -0.1081   0.8956   0.0700
  -4.400  -0.0059   0.01156   0.00500  -0.1082   0.8933   0.0722
  -4.300   0.0047   0.01142   0.00484  -0.1080   0.8899   0.0743
  -4.200   0.0148   0.01122   0.00467  -0.1078   0.8861   0.0772
  -4.100   0.0257   0.01112   0.00457  -0.1077   0.8827   0.0799
  -4.000   0.0370   0.01103   0.00446  -0.1076   0.8798   0.0828
  -3.900   0.0486   0.01094   0.00433  -0.1076   0.8772   0.0855
  -3.800   0.0589   0.01075   0.00418  -0.1074   0.8735   0.0895
  -3.700   0.0695   0.01067   0.00410  -0.1073   0.8694   0.0929
  -3.600   0.0806   0.01060   0.00400  -0.1072   0.8658   0.0965
  -3.500   0.0917   0.01045   0.00385  -0.1071   0.8626   0.1009
  -3.400   0.1029   0.01034   0.00376  -0.1071   0.8594   0.1055
  -3.300   0.1135   0.01029   0.00370  -0.1069   0.8549   0.1100
  -3.200   0.1243   0.01017   0.00359  -0.1068   0.8508   0.1151
  -3.100   0.1354   0.01007   0.00351  -0.1067   0.8473   0.1207
  -3.000   0.1469   0.01003   0.00341  -0.1067   0.8441   0.1261
  -2.900   0.1573   0.00991   0.00335  -0.1065   0.8395   0.1327
  -2.800   0.1682   0.00984   0.00328  -0.1064   0.8351   0.1394
  -2.700   0.1793   0.00975   0.00320  -0.1064   0.8313   0.1464
  -2.600   0.1906   0.00969   0.00313  -0.1063   0.8277   0.1542
  -2.500   0.2012   0.00961   0.00309  -0.1062   0.8227   0.1620
  -2.400   0.2121   0.00955   0.00303  -0.1061   0.8181   0.1706
  -2.300   0.2232   0.00948   0.00297  -0.1060   0.8141   0.1795
  -2.200   0.2342   0.00943   0.00291  -0.1059   0.8099   0.1889
  -2.100   0.2449   0.00935   0.00288  -0.1058   0.8049   0.1990
  -2.000   0.2559   0.00930   0.00283  -0.1058   0.8004   0.2093
  -1.900   0.2670   0.00925   0.00278  -0.1057   0.7964   0.2206
  -1.800   0.2778   0.00918   0.00276  -0.1056   0.7912   0.2320
  -1.700   0.2886   0.00913   0.00272  -0.1055   0.7862   0.2441
  -1.500   0.3105   0.00903   0.00265  -0.1053   0.7769   0.2708
  -1.400   0.3212   0.00897   0.00263  -0.1052   0.7715   0.2852
  -1.300   0.3321   0.00891   0.00259  -0.1052   0.7667   0.3008
  -1.200   0.3429   0.00886   0.00257  -0.1051   0.7621   0.3174
  -1.100   0.3536   0.00879   0.00255  -0.1050   0.7566   0.3357
  -1.000   0.3643   0.00873   0.00252  -0.1049   0.7514   0.3565
  -0.900   0.3750   0.00864   0.00249  -0.1048   0.7467   0.3812
  -0.800   0.3853   0.00852   0.00248  -0.1047   0.7410   0.4139
  -0.700   0.3955   0.00837   0.00248  -0.1045   0.7357   0.4647
  -0.600   0.4052   0.00820   0.00248  -0.1042   0.7310   0.5321
  -0.500   0.4147   0.00801   0.00251  -0.1039   0.7253   0.6006
  -0.400   0.4238   0.00784   0.00253  -0.1034   0.7200   0.6654
  -0.300   0.4324   0.00769   0.00255  -0.1027   0.7153   0.7278
  -0.200   0.4402   0.00752   0.00259  -0.1018   0.7097   0.7904
  -0.100   0.4474   0.00740   0.00262  -0.1006   0.7043   0.8535
   0.000   0.4584   0.00734   0.00263  -0.1001   0.6995   0.9158
   0.100   0.4796   0.00733   0.00262  -0.1021   0.6935   0.9638
   0.200   0.5011   0.00734   0.00259  -0.1043   0.6876   0.9900
   0.300   0.5187   0.00739   0.00257  -0.1057   0.6824   1.0000
   0.400   0.5288   0.00742   0.00257  -0.1055   0.6766   1.0000
   0.500   0.5389   0.00747   0.00257  -0.1052   0.6711   1.0000
   0.600   0.5490   0.00753   0.00256  -0.1050   0.6661   1.0000
   0.700   0.5592   0.00756   0.00257  -0.1048   0.6605   1.0000
   0.800   0.5694   0.00761   0.00258  -0.1046   0.6551   1.0000
   0.900   0.5796   0.00768   0.00258  -0.1043   0.6504   1.0000
   1.000   0.5899   0.00771   0.00260  -0.1041   0.6449   1.0000
   1.100   0.6002   0.00777   0.00261  -0.1039   0.6396   1.0000
   1.200   0.6104   0.00784   0.00262  -0.1037   0.6350   1.0000
   1.300   0.6208   0.00788   0.00264  -0.1035   0.6299   1.0000
   1.400   0.6312   0.00793   0.00266  -0.1034   0.6248   1.0000
   1.500   0.6415   0.00800   0.00268  -0.1032   0.6202   1.0000
   1.600   0.6519   0.00806   0.00270  -0.1030   0.6158   1.0000
   1.700   0.6624   0.00810   0.00273  -0.1029   0.6109   1.0000
   1.800   0.6728   0.00817   0.00275  -0.1027   0.6063   1.0000
   1.900   0.6831   0.00825   0.00278  -0.1025   0.6022   1.0000
   2.000   0.6937   0.00829   0.00281  -0.1024   0.5978   1.0000
   2.100   0.7042   0.00834   0.00285  -0.1022   0.5933   1.0000
   2.200   0.7146   0.00841   0.00288  -0.1021   0.5892   1.0000
   2.300   0.7250   0.00850   0.00291  -0.1019   0.5854   1.0000
   2.400   0.7357   0.00854   0.00295  -0.1018   0.5812   1.0000
   2.500   0.7462   0.00859   0.00299  -0.1017   0.5770   1.0000
   2.600   0.7567   0.00866   0.00302  -0.1015   0.5732   1.0000
   2.700   0.7671   0.00875   0.00307  -0.1014   0.5698   1.0000
   2.800   0.7778   0.00880   0.00311  -0.1013   0.5659   1.0000
   2.900   0.7884   0.00885   0.00316  -0.1012   0.5620   1.0000
   3.000   0.7989   0.00892   0.00320  -0.1010   0.5583   1.0000
   3.100   0.8094   0.00900   0.00325  -0.1009   0.5550   1.0000
   3.200   0.8200   0.00907   0.00330  -0.1008   0.5516   1.0000
   3.300   0.8306   0.00912   0.00335  -0.1007   0.5479   1.0000
   3.400   0.8412   0.00918   0.00340  -0.1006   0.5443   1.0000
   3.500   0.8517   0.00925   0.00346  -0.1004   0.5410   1.0000
   3.600   0.8622   0.00935   0.00351  -0.1003   0.5378   1.0000
   3.700   0.8728   0.00941   0.00357  -0.1002   0.5345   1.0000
   3.800   0.8834   0.00946   0.00363  -0.1001   0.5310   1.0000
   3.900   0.8940   0.00952   0.00368  -0.1000   0.5276   1.0000
   4.000   0.9044   0.00960   0.00374  -0.0998   0.5244   1.0000
   4.100   0.9148   0.00970   0.00380  -0.0997   0.5213   1.0000
   4.200   0.9254   0.00976   0.00386  -0.0996   0.5181   1.0000
   4.300   0.9360   0.00981   0.00393  -0.0995   0.5146   1.0000
   4.400   0.9465   0.00988   0.00400  -0.0993   0.5112   1.0000
   4.500   0.9568   0.00996   0.00406  -0.0992   0.5080   1.0000
   4.600   0.9672   0.01007   0.00413  -0.0991   0.5049   1.0000
   4.700   0.9777   0.01012   0.00420  -0.0989   0.5015   1.0000
   4.800   0.9882   0.01017   0.00426  -0.0988   0.4980   1.0000
   4.900   0.9985   0.01024   0.00433  -0.0987   0.4944   1.0000
   5.100   1.0190   0.01043   0.00448  -0.0983   0.4877   1.0000
   5.200   1.0294   0.01048   0.00455  -0.0982   0.4839   1.0000
   5.300   1.0396   0.01054   0.00462  -0.0980   0.4799   1.0000
   5.400   1.0496   0.01062   0.00469  -0.0978   0.4759   1.0000
   5.500   1.0595   0.01074   0.00476  -0.0976   0.4721   1.0000
   5.600   1.0698   0.01078   0.00484  -0.0974   0.4677   1.0000
   5.700   1.0798   0.01084   0.00491  -0.0972   0.4630   1.0000
   5.800   1.0895   0.01094   0.00498  -0.0969   0.4586   1.0000
   5.900   1.0993   0.01103   0.00506  -0.0967   0.4543   1.0000
   6.000   1.1094   0.01108   0.00514  -0.0965   0.4494   1.0000
   6.100   1.1192   0.01116   0.00521  -0.0963   0.4447   1.0000
   6.200   1.1286   0.01129   0.00530  -0.0960   0.4404   1.0000
   6.300   1.1388   0.01133   0.00538  -0.0958   0.4356   1.0000
   6.400   1.1486   0.01141   0.00546  -0.0956   0.4307   1.0000
   6.500   1.1580   0.01152   0.00555  -0.0953   0.4261   1.0000
   6.600   1.1678   0.01160   0.00564  -0.0950   0.4215   1.0000
   6.700   1.1776   0.01167   0.00573  -0.0948   0.4162   1.0000
   6.800   1.1870   0.01177   0.00582  -0.0945   0.4111   1.0000
   6.900   1.1964   0.01188   0.00592  -0.0942   0.4062   1.0000
   7.000   1.2062   0.01195   0.00601  -0.0940   0.4004   1.0000
   7.100   1.2153   0.01206   0.00610  -0.0936   0.3947   1.0000
   7.200   1.2246   0.01216   0.00620  -0.0933   0.3889   1.0000
   7.300   1.2339   0.01226   0.00630  -0.0930   0.3823   1.0000
   7.400   1.2425   0.01239   0.00642  -0.0926   0.3760   1.0000
   7.500   1.2519   0.01249   0.00653  -0.0923   0.3687   1.0000
   7.700   1.2692   0.01276   0.00677  -0.0914   0.3535   1.0000
   7.800   1.2770   0.01294   0.00690  -0.0909   0.3456   1.0000
   7.900   1.2857   0.01308   0.00704  -0.0905   0.3365   1.0000
   8.000   1.2934   0.01327   0.00719  -0.0900   0.3275   1.0000
   8.100   1.3010   0.01346   0.00734  -0.0894   0.3175   1.0000
   8.200   1.3087   0.01366   0.00751  -0.0888   0.3075   1.0000
   8.300   1.3157   0.01389   0.00770  -0.0882   0.2970   1.0000
   8.400   1.3223   0.01414   0.00790  -0.0875   0.2856   1.0000
   8.500   1.3291   0.01439   0.00810  -0.0868   0.2736   1.0000
   8.600   1.3354   0.01466   0.00831  -0.0860   0.2613   1.0000
   8.700   1.3412   0.01496   0.00855  -0.0852   0.2489   1.0000
   8.800   1.3466   0.01528   0.00880  -0.0843   0.2360   1.0000
   8.900   1.3516   0.01562   0.00907  -0.0834   0.2227   1.0000
   9.000   1.3556   0.01597   0.00935  -0.0823   0.2096   1.0000
   9.100   1.3595   0.01633   0.00964  -0.0812   0.1965   1.0000
   9.200   1.3632   0.01670   0.00995  -0.0800   0.1835   1.0000
   9.300   1.3667   0.01709   0.01027  -0.0789   0.1709   1.0000
   9.400   1.3700   0.01749   0.01061  -0.0777   0.1588   1.0000
   9.500   1.3731   0.01792   0.01096  -0.0765   0.1474   1.0000
   9.600   1.3760   0.01836   0.01134  -0.0753   0.1365   1.0000
   9.700   1.3788   0.01881   0.01173  -0.0742   0.1262   1.0000
   9.800   1.3822   0.01923   0.01210  -0.0731   0.1168   1.0000
   9.900   1.3851   0.01968   0.01250  -0.0720   0.1085   1.0000
  10.000   1.3877   0.02016   0.01293  -0.0708   0.1009   1.0000
  10.100   1.3913   0.02058   0.01333  -0.0698   0.0943   1.0000
  10.200   1.3936   0.02108   0.01378  -0.0687   0.0883   1.0000
  10.300   1.3974   0.02149   0.01419  -0.0678   0.0833   1.0000
  10.400   1.4002   0.02198   0.01465  -0.0668   0.0787   1.0000
  10.500   1.4029   0.02247   0.01513  -0.0657   0.0747   1.0000
  10.600   1.4069   0.02289   0.01556  -0.0649   0.0712   1.0000
  10.700   1.4094   0.02341   0.01607  -0.0639   0.0680   1.0000
  10.800   1.4111   0.02399   0.01663  -0.0628   0.0651   1.0000
  10.900   1.4156   0.02439   0.01706  -0.0621   0.0627   1.0000
  11.000   1.4189   0.02488   0.01756  -0.0613   0.0603   1.0000
  11.100   1.4210   0.02545   0.01812  -0.0603   0.0582   1.0000
  11.200   1.4214   0.02617   0.01883  -0.0593   0.0562   1.0000
  11.300   1.4256   0.02662   0.01931  -0.0586   0.0546   1.0000
  11.400   1.4294   0.02710   0.01983  -0.0579   0.0531   1.0000
  11.500   1.4324   0.02765   0.02040  -0.0572   0.0515   1.0000
  11.600   1.4344   0.02828   0.02103  -0.0564   0.0502   1.0000
  11.700   1.4352   0.02902   0.02177  -0.0555   0.0489   1.0000
  11.800   1.4337   0.02995   0.02272  -0.0544   0.0476   1.0000
  11.900   1.4381   0.03043   0.02324  -0.0539   0.0467   1.0000
  12.000   1.4415   0.03100   0.02385  -0.0533   0.0456   1.0000
  12.100   1.4445   0.03161   0.02449  -0.0528   0.0446   1.0000
  12.200   1.4469   0.03227   0.02517  -0.0522   0.0436   1.0000
  12.300   1.4485   0.03301   0.02592  -0.0515   0.0427   1.0000
  12.400   1.4489   0.03386   0.02679  -0.0509   0.0418   1.0000
  12.500   1.4476   0.03489   0.02783  -0.0501   0.0410   1.0000
  12.600   1.4454   0.03601   0.02898  -0.0494   0.0403   1.0000
  12.700   1.4490   0.03664   0.02965  -0.0490   0.0397   1.0000
  12.800   1.4516   0.03735   0.03041  -0.0485   0.0390   1.0000
  12.900   1.4536   0.03812   0.03122  -0.0481   0.0383   1.0000
  13.000   1.4552   0.03895   0.03208  -0.0476   0.0377   1.0000
  13.100   1.4567   0.03980   0.03295  -0.0472   0.0371   1.0000
  13.200   1.4578   0.04069   0.03388  -0.0468   0.0365   1.0000
  13.300   1.4584   0.04164   0.03486  -0.0464   0.0360   1.0000
  13.400   1.4580   0.04270   0.03594  -0.0460   0.0355   1.0000
  13.500   1.4567   0.04387   0.03713  -0.0456   0.0350   1.0000
  13.600   1.4539   0.04519   0.03846  -0.0451   0.0346   1.0000
  13.700   1.4497   0.04667   0.03997  -0.0447   0.0341   1.0000
  13.800   1.4517   0.04755   0.04089  -0.0444   0.0337   1.0000
  13.900   1.4536   0.04845   0.04185  -0.0442   0.0333   1.0000
  14.000   1.4549   0.04942   0.04286  -0.0440   0.0329   1.0000
  14.100   1.4561   0.05042   0.04390  -0.0438   0.0324   1.0000
  14.200   1.4569   0.05146   0.04498  -0.0436   0.0320   1.0000
  14.300   1.4576   0.05251   0.04607  -0.0434   0.0316   1.0000
  14.400   1.4580   0.05361   0.04720  -0.0433   0.0312   1.0000
  14.500   1.4584   0.05473   0.04834  -0.0432   0.0308   1.0000
  14.600   1.4584   0.05589   0.04953  -0.0431   0.0304   1.0000
  14.700   1.4581   0.05710   0.05076  -0.0430   0.0301   1.0000
  14.800   1.4572   0.05838   0.05206  -0.0429   0.0298   1.0000
  14.900   1.4556   0.05974   0.05344  -0.0427   0.0295   1.0000
  15.000   1.4533   0.06117   0.05488  -0.0426   0.0291   1.0000
