 -10.000  -0.9483   0.02241   0.01601  -0.0318   1.0000   0.0329
  -9.900  -0.9412   0.02214   0.01571  -0.0312   1.0000   0.0334
  -9.800  -0.9341   0.02188   0.01541  -0.0306   1.0000   0.0339
  -9.700  -0.9269   0.02161   0.01510  -0.0299   1.0000   0.0344
  -9.600  -0.9196   0.02137   0.01480  -0.0293   1.0000   0.0348
  -9.500  -0.9121   0.02115   0.01453  -0.0287   1.0000   0.0353
  -9.400  -0.9047   0.02091   0.01424  -0.0281   1.0000   0.0356
  -9.300  -0.8998   0.02022   0.01356  -0.0272   1.0000   0.0363
  -9.200  -0.8935   0.01984   0.01319  -0.0265   1.0000   0.0368
  -9.100  -0.8866   0.01956   0.01291  -0.0258   1.0000   0.0373
  -9.000  -0.8794   0.01932   0.01267  -0.0252   1.0000   0.0378
  -8.900  -0.8722   0.01909   0.01243  -0.0245   1.0000   0.0383
  -8.800  -0.8649   0.01886   0.01219  -0.0239   1.0000   0.0389
  -8.700  -0.8576   0.01864   0.01194  -0.0232   1.0000   0.0395
  -8.600  -0.8502   0.01843   0.01170  -0.0226   1.0000   0.0402
  -8.500  -0.8426   0.01824   0.01148  -0.0219   1.0000   0.0408
  -8.400  -0.8348   0.01809   0.01128  -0.0213   1.0000   0.0414
  -8.300  -0.8284   0.01773   0.01090  -0.0205   1.0000   0.0421
  -8.200  -0.8225   0.01732   0.01052  -0.0197   1.0000   0.0430
  -8.100  -0.8154   0.01709   0.01030  -0.0191   1.0000   0.0437
  -8.000  -0.8080   0.01690   0.01011  -0.0184   1.0000   0.0445
  -7.900  -0.8004   0.01673   0.00993  -0.0178   1.0000   0.0454
  -7.800  -0.7928   0.01656   0.00975  -0.0172   1.0000   0.0462
  -7.700  -0.7851   0.01639   0.00955  -0.0166   1.0000   0.0471
  -7.600  -0.7772   0.01623   0.00936  -0.0160   1.0000   0.0480
  -7.500  -0.7691   0.01612   0.00920  -0.0154   1.0000   0.0486
  -7.400  -0.7632   0.01569   0.00880  -0.0146   1.0000   0.0499
  -7.300  -0.7560   0.01544   0.00857  -0.0140   1.0000   0.0510
  -7.200  -0.7482   0.01528   0.00841  -0.0134   1.0000   0.0522
  -7.100  -0.7402   0.01514   0.00827  -0.0129   1.0000   0.0534
  -7.000  -0.7321   0.01501   0.00813  -0.0123   1.0000   0.0547
  -6.900  -0.7239   0.01490   0.00799  -0.0118   1.0000   0.0559
  -6.800  -0.7156   0.01479   0.00785  -0.0113   1.0000   0.0569
  -6.700  -0.7087   0.01443   0.00752  -0.0107   1.0000   0.0588
  -6.600  -0.7008   0.01425   0.00736  -0.0102   1.0000   0.0604
  -6.500  -0.6925   0.01412   0.00723  -0.0097   1.0000   0.0620
  -6.400  -0.6841   0.01401   0.00711  -0.0092   1.0000   0.0637
  -6.300  -0.6755   0.01392   0.00700  -0.0088   1.0000   0.0653
  -6.200  -0.6668   0.01372   0.00679  -0.0084   0.9999   0.0674
  -6.100  -0.6523   0.01348   0.00660  -0.0093   0.9989   0.0705
  -6.000  -0.6374   0.01334   0.00646  -0.0102   0.9977   0.0735
  -5.900  -0.6222   0.01325   0.00633  -0.0110   0.9966   0.0763
  -5.800  -0.6077   0.01297   0.00610  -0.0119   0.9954   0.0804
  -5.700  -0.5926   0.01282   0.00598  -0.0128   0.9942   0.0844
  -5.600  -0.5769   0.01274   0.00586  -0.0138   0.9932   0.0882
  -5.500  -0.5619   0.01249   0.00569  -0.0148   0.9922   0.0938
  -5.400  -0.5469   0.01236   0.00557  -0.0157   0.9910   0.0990
  -5.300  -0.5330   0.01218   0.00541  -0.0163   0.9893   0.1047
  -5.200  -0.5186   0.01202   0.00529  -0.0171   0.9876   0.1112
  -5.100  -0.5039   0.01186   0.00515  -0.0179   0.9861   0.1182
  -5.000  -0.4888   0.01171   0.00504  -0.0188   0.9847   0.1262
  -4.900  -0.4736   0.01154   0.00492  -0.0198   0.9835   0.1349
  -4.800  -0.4580   0.01140   0.00481  -0.0208   0.9824   0.1443
  -4.700  -0.4424   0.01124   0.00470  -0.0218   0.9814   0.1552
  -4.600  -0.4265   0.01107   0.00460  -0.0229   0.9806   0.1665
  -4.500  -0.4143   0.01093   0.00450  -0.0232   0.9779   0.1768
  -4.400  -0.4006   0.01080   0.00441  -0.0237   0.9758   0.1887
  -4.300  -0.3863   0.01064   0.00432  -0.0245   0.9740   0.2016
  -4.200  -0.3714   0.01048   0.00423  -0.0253   0.9726   0.2149
  -4.100  -0.3562   0.01034   0.00413  -0.0263   0.9713   0.2287
  -4.000  -0.3406   0.01019   0.00405  -0.0273   0.9702   0.2433
  -3.900  -0.3248   0.01004   0.00396  -0.0283   0.9692   0.2584
  -3.800  -0.3089   0.00990   0.00388  -0.0294   0.9684   0.2738
  -3.700  -0.2932   0.00975   0.00380  -0.0304   0.9675   0.2895
  -3.600  -0.2829   0.00964   0.00373  -0.0302   0.9635   0.3029
  -3.400  -0.2559   0.00937   0.00358  -0.0312   0.9589   0.3337
  -3.300  -0.2418   0.00923   0.00350  -0.0318   0.9570   0.3500
  -3.200  -0.2276   0.00909   0.00342  -0.0324   0.9552   0.3667
  -3.000  -0.2030   0.00883   0.00329  -0.0329   0.9495   0.3993
  -2.900  -0.1919   0.00870   0.00322  -0.0328   0.9458   0.4160
  -2.700  -0.1670   0.00843   0.00308  -0.0332   0.9402   0.4522
  -2.600  -0.1543   0.00829   0.00302  -0.0335   0.9378   0.4712
  -2.500  -0.1452   0.00819   0.00298  -0.0330   0.9324   0.4881
  -2.400  -0.1344   0.00807   0.00293  -0.0328   0.9282   0.5061
  -2.300  -0.1231   0.00795   0.00287  -0.0327   0.9247   0.5246
  -2.200  -0.1115   0.00784   0.00282  -0.0327   0.9216   0.5429
  -2.100  -0.1021   0.00775   0.00278  -0.0322   0.9158   0.5597
  -2.000  -0.0918   0.00765   0.00274  -0.0319   0.9111   0.5771
  -1.900  -0.0808   0.00756   0.00269  -0.0317   0.9072   0.5944
  -1.800  -0.0706   0.00747   0.00266  -0.0314   0.9021   0.6109
  -1.700  -0.0607   0.00739   0.00263  -0.0310   0.8964   0.6272
  -1.600  -0.0501   0.00731   0.00259  -0.0307   0.8918   0.6435
  -1.500  -0.0398   0.00723   0.00256  -0.0304   0.8866   0.6593
  -1.400  -0.0299   0.00717   0.00254  -0.0300   0.8804   0.6748
  -1.300  -0.0195   0.00710   0.00251  -0.0296   0.8752   0.6903
  -1.200  -0.0092   0.00704   0.00249  -0.0293   0.8695   0.7053
  -1.100   0.0009   0.00699   0.00247  -0.0289   0.8631   0.7203
  -1.000   0.0112   0.00694   0.00244  -0.0285   0.8576   0.7351
  -0.900   0.0213   0.00689   0.00244  -0.0281   0.8510   0.7492
  -0.800   0.0314   0.00685   0.00242  -0.0277   0.8445   0.7630
  -0.700   0.0417   0.00681   0.00241  -0.0273   0.8386   0.7766
  -0.600   0.0518   0.00678   0.00241  -0.0269   0.8313   0.7899
  -0.400   0.0721   0.00674   0.00240  -0.0261   0.8178   0.8157
  -0.300   0.0823   0.00673   0.00240  -0.0257   0.8107   0.8277
  -0.200   0.0925   0.00673   0.00240  -0.0253   0.8038   0.8395
  -0.100   0.1027   0.00673   0.00241  -0.0248   0.7962   0.8512
   0.000   0.1129   0.00674   0.00242  -0.0244   0.7893   0.8617
   0.100   0.1231   0.00675   0.00243  -0.0240   0.7812   0.8723
   0.300   0.1439   0.00680   0.00246  -0.0232   0.7660   0.8914
   0.400   0.1543   0.00683   0.00247  -0.0229   0.7584   0.9007
   0.500   0.1651   0.00687   0.00249  -0.0226   0.7503   0.9086
   0.600   0.1758   0.00691   0.00251  -0.0223   0.7424   0.9169
   0.700   0.1871   0.00695   0.00253  -0.0221   0.7342   0.9240
   0.800   0.1987   0.00701   0.00255  -0.0220   0.7260   0.9308
   0.900   0.2097   0.00706   0.00257  -0.0218   0.7177   0.9380
   1.000   0.2229   0.00712   0.00260  -0.0221   0.7093   0.9428
   1.100   0.2349   0.00717   0.00263  -0.0221   0.7006   0.9490
   1.200   0.2474   0.00724   0.00265  -0.0222   0.6922   0.9541
   1.300   0.2620   0.00730   0.00268  -0.0228   0.6831   0.9578
   1.500   0.2878   0.00743   0.00274  -0.0234   0.6656   0.9674
   1.600   0.3040   0.00751   0.00276  -0.0243   0.6566   0.9696
   1.700   0.3203   0.00758   0.00279  -0.0254   0.6469   0.9719
   1.800   0.3363   0.00765   0.00282  -0.0264   0.6377   0.9745
   1.900   0.3514   0.00772   0.00285  -0.0271   0.6281   0.9776
   2.000   0.3661   0.00779   0.00288  -0.0279   0.6189   0.9807
   2.100   0.3831   0.00786   0.00290  -0.0291   0.6091   0.9823
   2.200   0.4000   0.00792   0.00293  -0.0303   0.5992   0.9843
   2.300   0.4161   0.00799   0.00295  -0.0313   0.5897   0.9865
   2.400   0.4319   0.00805   0.00298  -0.0323   0.5797   0.9891
   2.500   0.4472   0.00813   0.00302  -0.0332   0.5701   0.9917
   2.600   0.4641   0.00819   0.00303  -0.0344   0.5600   0.9933
   2.700   0.4810   0.00824   0.00305  -0.0357   0.5497   0.9951
   2.800   0.4977   0.00831   0.00308  -0.0369   0.5398   0.9971
   2.900   0.5146   0.00838   0.00310  -0.0382   0.5291   0.9991
   3.000   0.5277   0.00844   0.00313  -0.0386   0.5198   1.0000
   3.100   0.5371   0.00849   0.00314  -0.0383   0.5110   1.0000
   3.200   0.5465   0.00853   0.00316  -0.0380   0.5024   1.0000
   3.300   0.5557   0.00859   0.00317  -0.0377   0.4938   1.0000
   3.400   0.5651   0.00863   0.00320  -0.0374   0.4850   1.0000
   3.600   0.5836   0.00875   0.00325  -0.0367   0.4674   1.0000
   3.700   0.5927   0.00883   0.00328  -0.0363   0.4588   1.0000
   3.800   0.6020   0.00888   0.00331  -0.0360   0.4496   1.0000
   3.900   0.6111   0.00896   0.00335  -0.0356   0.4408   1.0000
   4.000   0.6203   0.00902   0.00339  -0.0352   0.4313   1.0000
   4.100   0.6294   0.00910   0.00343  -0.0348   0.4223   1.0000
   4.200   0.6384   0.00918   0.00348  -0.0344   0.4126   1.0000
   4.300   0.6475   0.00925   0.00352  -0.0341   0.4029   1.0000
   4.400   0.6564   0.00935   0.00357  -0.0336   0.3932   1.0000
   4.500   0.6654   0.00943   0.00363  -0.0332   0.3826   1.0000
   4.600   0.6743   0.00953   0.00368  -0.0328   0.3723   1.0000
   4.700   0.6830   0.00964   0.00374  -0.0324   0.3618   1.0000
   4.800   0.6920   0.00973   0.00381  -0.0320   0.3507   1.0000
   4.900   0.7008   0.00984   0.00388  -0.0315   0.3397   1.0000
   5.000   0.7094   0.00997   0.00395  -0.0311   0.3285   1.0000
   5.100   0.7182   0.01009   0.00402  -0.0306   0.3169   1.0000
   5.200   0.7270   0.01021   0.00410  -0.0302   0.3054   1.0000
   5.300   0.7355   0.01034   0.00419  -0.0297   0.2938   1.0000
   5.400   0.7440   0.01050   0.00428  -0.0292   0.2818   1.0000
   5.500   0.7526   0.01063   0.00437  -0.0288   0.2697   1.0000
   5.600   0.7612   0.01078   0.00447  -0.0283   0.2579   1.0000
   5.700   0.7697   0.01094   0.00457  -0.0279   0.2462   1.0000
   5.800   0.7780   0.01111   0.00468  -0.0274   0.2342   1.0000
   5.900   0.7865   0.01127   0.00480  -0.0269   0.2220   1.0000
   6.000   0.7950   0.01144   0.00491  -0.0264   0.2105   1.0000
   6.100   0.8034   0.01162   0.00504  -0.0259   0.1992   1.0000
   6.200   0.8115   0.01181   0.00517  -0.0254   0.1880   1.0000
   6.300   0.8199   0.01199   0.00530  -0.0250   0.1768   1.0000
   6.400   0.8283   0.01218   0.00543  -0.0245   0.1664   1.0000
   6.500   0.8366   0.01238   0.00558  -0.0240   0.1565   1.0000
   6.600   0.8448   0.01258   0.00573  -0.0235   0.1467   1.0000
   6.700   0.8534   0.01277   0.00588  -0.0231   0.1379   1.0000
   6.800   0.8616   0.01299   0.00605  -0.0226   0.1295   1.0000
   6.900   0.8702   0.01318   0.00621  -0.0222   0.1216   1.0000
   7.000   0.8785   0.01340   0.00638  -0.0217   0.1146   1.0000
   7.100   0.8870   0.01360   0.00655  -0.0213   0.1080   1.0000
   7.200   0.8953   0.01382   0.00674  -0.0208   0.1021   1.0000
   7.300   0.9041   0.01401   0.00691  -0.0204   0.0968   1.0000
   7.400   0.9120   0.01428   0.00713  -0.0199   0.0916   1.0000
   7.500   0.9210   0.01444   0.00730  -0.0195   0.0875   1.0000
   7.600   0.9296   0.01465   0.00749  -0.0191   0.0834   1.0000
   7.700   0.9371   0.01496   0.00775  -0.0186   0.0793   1.0000
   7.800   0.9464   0.01510   0.00792  -0.0182   0.0766   1.0000
   7.900   0.9551   0.01530   0.00811  -0.0178   0.0735   1.0000
   8.000   0.9632   0.01555   0.00833  -0.0174   0.0706   1.0000
   8.100   0.9709   0.01585   0.00861  -0.0168   0.0679   1.0000
   8.200   0.9800   0.01600   0.00880  -0.0165   0.0657   1.0000
   8.300   0.9888   0.01620   0.00900  -0.0161   0.0635   1.0000
   8.400   0.9969   0.01644   0.00923  -0.0157   0.0614   1.0000
   8.500   1.0033   0.01684   0.00960  -0.0150   0.0592   1.0000
   8.600   1.0122   0.01702   0.00981  -0.0146   0.0578   1.0000
   8.700   1.0210   0.01721   0.01002  -0.0142   0.0562   1.0000
   8.800   1.0295   0.01742   0.01024  -0.0139   0.0547   1.0000
   8.900   1.0376   0.01765   0.01047  -0.0134   0.0532   1.0000
   9.000   1.0447   0.01798   0.01078  -0.0128   0.0517   1.0000
   9.100   1.0506   0.01841   0.01121  -0.0121   0.0503   1.0000
   9.200   1.0595   0.01858   0.01142  -0.0117   0.0493   1.0000
   9.300   1.0679   0.01879   0.01165  -0.0113   0.0481   1.0000
   9.400   1.0761   0.01901   0.01189  -0.0109   0.0470   1.0000
   9.500   1.0840   0.01925   0.01214  -0.0105   0.0460   1.0000
   9.600   1.0913   0.01954   0.01242  -0.0099   0.0450   1.0000
   9.700   1.0974   0.01992   0.01280  -0.0093   0.0441   1.0000
   9.800   1.1014   0.02050   0.01336  -0.0083   0.0431   1.0000
   9.900   1.1097   0.02069   0.01360  -0.0079   0.0424   1.0000
  10.000   1.1176   0.02092   0.01387  -0.0074   0.0417   1.0000
  10.100   1.1251   0.02117   0.01416  -0.0069   0.0409   1.0000
  10.200   1.1324   0.02144   0.01444  -0.0064   0.0401   1.0000
  10.300   1.1395   0.02171   0.01472  -0.0059   0.0394   1.0000
  10.400   1.1463   0.02199   0.01502  -0.0053   0.0387   1.0000
  10.500   1.1524   0.02232   0.01535  -0.0047   0.0380   1.0000
  10.600   1.1570   0.02278   0.01580  -0.0039   0.0374   1.0000
  10.700   1.1590   0.02347   0.01648  -0.0027   0.0367   1.0000
  10.800   1.1657   0.02369   0.01675  -0.0020   0.0363   1.0000
  10.900   1.1717   0.02397   0.01707  -0.0013   0.0359   1.0000
  11.000   1.1773   0.02428   0.01743  -0.0006   0.0354   1.0000
  11.100   1.1826   0.02461   0.01779   0.0002   0.0349   1.0000
  11.200   1.1878   0.02495   0.01817   0.0010   0.0344   1.0000
  11.300   1.1928   0.02530   0.01855   0.0017   0.0339   1.0000
  11.400   1.1977   0.02566   0.01893   0.0025   0.0335   1.0000
  11.500   1.2025   0.02603   0.01931   0.0032   0.0331   1.0000
  11.600   1.2071   0.02642   0.01971   0.0039   0.0327   1.0000
  11.700   1.2113   0.02685   0.02015   0.0046   0.0323   1.0000
  11.800   1.2148   0.02736   0.02066   0.0054   0.0319   1.0000
  11.900   1.2172   0.02803   0.02133   0.0063   0.0315   1.0000
  12.000   1.2194   0.02879   0.02211   0.0072   0.0311   1.0000
  12.100   1.2242   0.02916   0.02253   0.0078   0.0308   1.0000
  12.200   1.2288   0.02957   0.02300   0.0084   0.0305   1.0000
  12.300   1.2331   0.03002   0.02350   0.0090   0.0302   1.0000
  12.400   1.2372   0.03049   0.02403   0.0096   0.0298   1.0000
  12.500   1.2410   0.03099   0.02458   0.0101   0.0295   1.0000
  12.600   1.2448   0.03151   0.02513   0.0107   0.0291   1.0000
  12.700   1.2484   0.03204   0.02570   0.0112   0.0288   1.0000
  12.800   1.2518   0.03259   0.02629   0.0118   0.0285   1.0000
  12.900   1.2552   0.03316   0.02688   0.0123   0.0283   1.0000
  13.000   1.2585   0.03374   0.02749   0.0127   0.0280   1.0000
  13.100   1.2616   0.03434   0.02812   0.0132   0.0277   1.0000
  13.200   1.2646   0.03497   0.02876   0.0136   0.0275   1.0000
  13.300   1.2673   0.03563   0.02944   0.0141   0.0273   1.0000
  13.400   1.2698   0.03635   0.03017   0.0145   0.0271   1.0000
  13.500   1.2718   0.03715   0.03098   0.0150   0.0268   1.0000
  13.600   1.2733   0.03809   0.03194   0.0155   0.0266   1.0000
  13.700   1.2741   0.03916   0.03305   0.0161   0.0263   1.0000
  13.800   1.2758   0.03992   0.03388   0.0164   0.0262   1.0000
  13.900   1.2773   0.04073   0.03476   0.0167   0.0260   1.0000
  14.000   1.2786   0.04158   0.03569   0.0169   0.0259   1.0000
  14.100   1.2797   0.04246   0.03664   0.0171   0.0257   1.0000
  14.200   1.2806   0.04339   0.03763   0.0173   0.0255   1.0000
  14.300   1.2814   0.04435   0.03865   0.0174   0.0253   1.0000
  14.400   1.2819   0.04533   0.03970   0.0176   0.0251   1.0000
  14.500   1.2824   0.04635   0.04077   0.0176   0.0250   1.0000
  14.600   1.2828   0.04739   0.04187   0.0176   0.0248   1.0000
  14.700   1.2831   0.04844   0.04298   0.0176   0.0246   1.0000
  14.800   1.2830   0.04956   0.04415   0.0176   0.0244   1.0000
  14.900   1.2828   0.05070   0.04534   0.0175   0.0242   1.0000
  15.000   1.2825   0.05186   0.04655   0.0173   0.0241   1.0000
