 -10.000  -0.0635   0.09470   0.09214  -0.0873   0.9735   0.0339
  -9.900  -0.0561   0.09340   0.09084  -0.0880   0.9729   0.0341
  -9.800  -0.0495   0.09208   0.08952  -0.0888   0.9721   0.0343
  -9.700  -0.0433   0.09072   0.08815  -0.0898   0.9714   0.0346
  -9.600  -0.0375   0.08931   0.08674  -0.0908   0.9706   0.0350
  -9.500  -0.0319   0.08784   0.08527  -0.0919   0.9699   0.0354
  -9.400  -0.0267   0.08631   0.08374  -0.0931   0.9692   0.0358
  -9.300  -0.0241   0.08499   0.08242  -0.0936   0.9667   0.0363
  -9.200  -0.0217   0.08358   0.08101  -0.0942   0.9640   0.0369
  -9.100  -0.0197   0.08191   0.07934  -0.0954   0.9618   0.0376
  -9.000  -0.0298   0.07852   0.07595  -0.1001   0.9587   0.0388
  -8.900  -0.0303   0.07613   0.07356  -0.1025   0.9568   0.0389
  -8.800  -0.0931   0.08858   0.08593  -0.0900   0.9719   0.0357
  -8.700  -0.0863   0.08710   0.08444  -0.0917   0.9708   0.0362
  -8.600  -0.0797   0.08548   0.08282  -0.0937   0.9697   0.0369
  -8.500  -0.0787   0.08344   0.08078  -0.0965   0.9661   0.0382
  -8.400  -0.0850   0.07953   0.07689  -0.1036   0.9591   0.0389
  -8.300  -0.0815   0.07718   0.07453  -0.1067   0.9563   0.0390
  -8.200  -0.0770   0.07563   0.07299  -0.1061   0.9554   0.0393
  -8.100  -0.0719   0.07502   0.07238  -0.1053   0.9529   0.0395
  -8.000  -0.0668   0.07448   0.07183  -0.1047   0.9498   0.0397
  -7.900  -0.0606   0.07387   0.07122  -0.1045   0.9472   0.0399
  -7.800  -0.0543   0.07314   0.07048  -0.1045   0.9448   0.0403
  -7.700  -0.0485   0.07227   0.06961  -0.1049   0.9425   0.0406
  -7.600  -0.0431   0.07126   0.06859  -0.1056   0.9403   0.0411
  -7.500  -0.0418   0.07040   0.06774  -0.1056   0.9353   0.0414
  -7.400  -0.0390   0.06932   0.06666  -0.1064   0.9313   0.0419
  -7.300  -0.0345   0.06795   0.06527  -0.1078   0.9281   0.0425
  -7.200  -0.0296   0.06626   0.06356  -0.1101   0.9253   0.0434
  -7.100  -0.0486   0.04326   0.04032  -0.1392   0.9120   0.0339
  -7.000  -0.0396   0.04233   0.03934  -0.1402   0.9100   0.0340
  -6.900  -0.0319   0.04156   0.03855  -0.1409   0.9067   0.0342
  -6.800  -0.0238   0.04092   0.03788  -0.1414   0.9032   0.0345
  -6.700  -0.0147   0.04051   0.03746  -0.1417   0.9003   0.0349
  -6.600  -0.0051   0.04053   0.03746  -0.1417   0.8979   0.0354
  -6.500   0.0069   0.04320   0.04018  -0.1395   0.8961   0.0403
  -6.400   0.0163   0.04274   0.03969  -0.1399   0.8940   0.0408
  -6.300   0.0243   0.04247   0.03942  -0.1400   0.8903   0.0414
  -6.200   0.0332   0.04769   0.04475  -0.1338   0.8880   0.0484
  -6.100   0.0420   0.04580   0.04281  -0.1361   0.8844   0.0489
  -6.000   0.0518   0.04345   0.04038  -0.1389   0.8814   0.0497
  -5.900   0.0489   0.01636   0.01060  -0.1550   0.8768   0.0377
  -5.800   0.0590   0.01605   0.01019  -0.1548   0.8733   0.0383
  -5.700   0.0698   0.01585   0.00989  -0.1548   0.8702   0.0388
  -5.600   0.0802   0.01521   0.00917  -0.1548   0.8675   0.0396
  -5.500   0.0912   0.01492   0.00888  -0.1548   0.8651   0.0404
  -5.400   0.1028   0.01476   0.00870  -0.1549   0.8629   0.0411
  -5.300   0.1135   0.01460   0.00853  -0.1549   0.8599   0.0419
  -5.200   0.1240   0.01442   0.00831  -0.1547   0.8565   0.0426
  -5.100   0.1349   0.01421   0.00805  -0.1547   0.8534   0.0435
  -5.000   0.1462   0.01399   0.00776  -0.1546   0.8506   0.0443
  -4.900   0.1578   0.01381   0.00749  -0.1547   0.8482   0.0450
  -4.800   0.1692   0.01356   0.00717  -0.1547   0.8456   0.0457
  -4.700   0.1791   0.01315   0.00675  -0.1546   0.8419   0.0469
  -4.600   0.1899   0.01300   0.00662  -0.1545   0.8385   0.0479
  -4.500   0.2010   0.01289   0.00649  -0.1545   0.8353   0.0490
  -4.400   0.2125   0.01278   0.00634  -0.1545   0.8325   0.0502
  -4.300   0.2240   0.01266   0.00616  -0.1545   0.8296   0.0515
  -4.200   0.2346   0.01255   0.00602  -0.1544   0.8256   0.0525
  -4.100   0.2455   0.01237   0.00579  -0.1543   0.8219   0.0535
  -4.000   0.2563   0.01204   0.00545  -0.1542   0.8186   0.0551
  -3.900   0.2677   0.01192   0.00532  -0.1543   0.8157   0.0564
  -3.800   0.2787   0.01184   0.00522  -0.1542   0.8121   0.0579
  -3.700   0.2895   0.01176   0.00513  -0.1541   0.8081   0.0596
  -3.600   0.3007   0.01169   0.00501  -0.1540   0.8045   0.0612
  -3.500   0.3120   0.01154   0.00482  -0.1540   0.8013   0.0627
  -3.400   0.3231   0.01132   0.00460  -0.1540   0.7982   0.0649
  -3.300   0.3338   0.01123   0.00452  -0.1540   0.7940   0.0667
  -3.200   0.3447   0.01116   0.00444  -0.1539   0.7900   0.0688
  -3.100   0.3560   0.01111   0.00434  -0.1538   0.7863   0.0709
  -3.000   0.3674   0.01106   0.00422  -0.1538   0.7831   0.0728
  -2.900   0.3779   0.01085   0.00405  -0.1537   0.7788   0.0759
  -2.800   0.3889   0.01079   0.00399  -0.1537   0.7744   0.0785
  -2.700   0.4000   0.01074   0.00391  -0.1536   0.7705   0.0813
  -2.600   0.4113   0.01072   0.00382  -0.1536   0.7670   0.0838
  -2.500   0.4220   0.01056   0.00369  -0.1535   0.7625   0.0874
  -2.400   0.4329   0.01050   0.00364  -0.1534   0.7580   0.0909
  -2.300   0.4440   0.01047   0.00357  -0.1534   0.7540   0.0944
  -2.200   0.4552   0.01047   0.00351  -0.1533   0.7505   0.0975
  -2.100   0.4659   0.01032   0.00342  -0.1533   0.7459   0.1024
  -2.000   0.4768   0.01029   0.00337  -0.1532   0.7414   0.1068
  -1.900   0.4879   0.01028   0.00332  -0.1531   0.7372   0.1110
  -1.800   0.4988   0.01020   0.00324  -0.1531   0.7332   0.1164
  -1.700   0.5096   0.01016   0.00322  -0.1530   0.7283   0.1217
  -1.600   0.5205   0.01015   0.00317  -0.1529   0.7237   0.1267
  -1.500   0.5314   0.01009   0.00311  -0.1529   0.7196   0.1332
  -1.400   0.5423   0.01007   0.00309  -0.1528   0.7149   0.1395
  -1.300   0.5531   0.01004   0.00306  -0.1527   0.7100   0.1459
  -1.200   0.5639   0.01001   0.00303  -0.1526   0.7056   0.1532
  -1.100   0.5748   0.01002   0.00300  -0.1526   0.7014   0.1603
  -1.000   0.5856   0.00997   0.00300  -0.1525   0.6966   0.1685
  -0.800   0.6072   0.00995   0.00296  -0.1523   0.6876   0.1856
  -0.700   0.6180   0.00994   0.00295  -0.1522   0.6829   0.1946
  -0.600   0.6287   0.00992   0.00295  -0.1522   0.6780   0.2046
  -0.500   0.6394   0.00992   0.00294  -0.1521   0.6734   0.2146
  -0.400   0.6501   0.00992   0.00294  -0.1520   0.6690   0.2256
  -0.300   0.6608   0.00990   0.00295  -0.1519   0.6641   0.2371
  -0.200   0.6715   0.00989   0.00295  -0.1518   0.6594   0.2492
  -0.100   0.6822   0.00991   0.00295  -0.1517   0.6553   0.2624
   0.000   0.6929   0.00989   0.00296  -0.1517   0.6508   0.2768
   0.100   0.7036   0.00988   0.00298  -0.1516   0.6461   0.2925
   0.200   0.7142   0.00987   0.00299  -0.1515   0.6418   0.3101
   0.300   0.7248   0.00986   0.00300  -0.1515   0.6378   0.3300
   0.400   0.7355   0.00981   0.00302  -0.1514   0.6333   0.3550
   0.500   0.7460   0.00974   0.00304  -0.1514   0.6288   0.3912
   0.600   0.7561   0.00953   0.00310  -0.1513   0.6248   0.4922
   0.700   0.7643   0.00915   0.00321  -0.1509   0.6212   0.6787
   0.900   0.7836   0.00862   0.00323  -0.1497   0.6132   1.0000
   1.000   0.7942   0.00869   0.00324  -0.1496   0.6094   1.0000
   1.100   0.8048   0.00878   0.00326  -0.1495   0.6061   1.0000
   1.200   0.8156   0.00882   0.00328  -0.1494   0.6022   1.0000
   1.300   0.8263   0.00888   0.00331  -0.1493   0.5983   1.0000
   1.400   0.8369   0.00895   0.00333  -0.1492   0.5947   1.0000
   1.500   0.8475   0.00903   0.00335  -0.1491   0.5915   1.0000
   1.600   0.8582   0.00910   0.00339  -0.1490   0.5882   1.0000
   1.700   0.8690   0.00915   0.00342  -0.1490   0.5848   1.0000
   1.800   0.8797   0.00921   0.00345  -0.1489   0.5814   1.0000
   1.900   0.8903   0.00928   0.00349  -0.1488   0.5784   1.0000
   2.000   0.9009   0.00937   0.00352  -0.1487   0.5755   1.0000
   2.100   0.9116   0.00945   0.00357  -0.1486   0.5727   1.0000
   2.200   0.9223   0.00950   0.00361  -0.1486   0.5696   1.0000
   2.300   0.9330   0.00956   0.00365  -0.1485   0.5665   1.0000
   2.400   0.9436   0.00963   0.00369  -0.1484   0.5637   1.0000
   2.500   0.9542   0.00971   0.00374  -0.1483   0.5610   1.0000
   2.600   0.9649   0.00980   0.00378  -0.1482   0.5586   1.0000
   2.700   0.9756   0.00987   0.00384  -0.1482   0.5561   1.0000
   2.800   0.9863   0.00992   0.00389  -0.1481   0.5534   1.0000
   2.900   0.9970   0.00998   0.00395  -0.1480   0.5508   1.0000
   3.000   1.0076   0.01006   0.00400  -0.1480   0.5482   1.0000
   3.100   1.0182   0.01014   0.00405  -0.1479   0.5458   1.0000
   3.200   1.0288   0.01023   0.00410  -0.1478   0.5435   1.0000
   3.300   1.0395   0.01033   0.00417  -0.1478   0.5413   1.0000
   3.400   1.0502   0.01038   0.00423  -0.1477   0.5391   1.0000
   3.500   1.0608   0.01044   0.00430  -0.1476   0.5367   1.0000
   3.600   1.0714   0.01051   0.00436  -0.1475   0.5344   1.0000
   3.700   1.0819   0.01058   0.00442  -0.1474   0.5321   1.0000
   3.800   1.0925   0.01066   0.00448  -0.1474   0.5299   1.0000
   3.900   1.1031   0.01076   0.00454  -0.1473   0.5279   1.0000
   4.000   1.1139   0.01087   0.00462  -0.1473   0.5258   1.0000
   4.100   1.1244   0.01093   0.00469  -0.1472   0.5239   1.0000
   4.200   1.1349   0.01099   0.00476  -0.1471   0.5217   1.0000
   4.300   1.1454   0.01106   0.00484  -0.1470   0.5196   1.0000
   4.400   1.1558   0.01113   0.00492  -0.1469   0.5174   1.0000
   4.500   1.1663   0.01120   0.00499  -0.1468   0.5154   1.0000
   4.600   1.1768   0.01129   0.00506  -0.1467   0.5134   1.0000
   4.700   1.1874   0.01140   0.00513  -0.1467   0.5114   1.0000
   4.800   1.1983   0.01152   0.00522  -0.1467   0.5095   1.0000
   4.900   1.2085   0.01158   0.00531  -0.1465   0.5077   1.0000
   5.000   1.2188   0.01164   0.00539  -0.1464   0.5056   1.0000
   5.100   1.2291   0.01171   0.00548  -0.1463   0.5035   1.0000
   5.200   1.2394   0.01178   0.00556  -0.1462   0.5015   1.0000
   5.300   1.2497   0.01186   0.00564  -0.1461   0.4995   1.0000
   5.400   1.2601   0.01196   0.00572  -0.1460   0.4976   1.0000
   5.500   1.2705   0.01206   0.00581  -0.1459   0.4957   1.0000
   5.600   1.2813   0.01219   0.00590  -0.1459   0.4938   1.0000
   5.700   1.2915   0.01227   0.00600  -0.1457   0.4919   1.0000
   5.800   1.3014   0.01233   0.00610  -0.1456   0.4899   1.0000
   5.900   1.3115   0.01240   0.00620  -0.1454   0.4879   1.0000
   6.000   1.3215   0.01248   0.00629  -0.1452   0.4858   1.0000
   6.100   1.3315   0.01256   0.00638  -0.1451   0.4837   1.0000
   6.200   1.3416   0.01265   0.00647  -0.1449   0.4817   1.0000
   6.300   1.3519   0.01276   0.00656  -0.1448   0.4798   1.0000
   6.400   1.3626   0.01290   0.00667  -0.1448   0.4778   1.0000
   6.500   1.3724   0.01299   0.00678  -0.1446   0.4759   1.0000
   6.600   1.3820   0.01305   0.00689  -0.1444   0.4737   1.0000
   6.700   1.3916   0.01313   0.00700  -0.1441   0.4715   1.0000
   6.800   1.4012   0.01320   0.00710  -0.1439   0.4693   1.0000
   6.900   1.4109   0.01329   0.00719  -0.1437   0.4670   1.0000
   7.000   1.4206   0.01339   0.00729  -0.1435   0.4649   1.0000
   7.100   1.4307   0.01352   0.00739  -0.1433   0.4626   1.0000
   7.200   1.4399   0.01362   0.00750  -0.1430   0.4598   1.0000
   7.300   1.4477   0.01366   0.00759  -0.1424   0.4559   1.0000
   7.400   1.4553   0.01371   0.00766  -0.1418   0.4514   1.0000
   7.500   1.4632   0.01382   0.00773  -0.1412   0.4468   1.0000
   7.600   1.4706   0.01390   0.00783  -0.1406   0.4422   1.0000
   7.700   1.4781   0.01395   0.00792  -0.1399   0.4374   1.0000
   7.800   1.4858   0.01405   0.00801  -0.1393   0.4334   1.0000
   7.900   1.4941   0.01419   0.00812  -0.1388   0.4302   1.0000
   8.000   1.5024   0.01428   0.00824  -0.1384   0.4271   1.0000
   8.100   1.5107   0.01435   0.00835  -0.1379   0.4236   1.0000
   8.200   1.5187   0.01444   0.00847  -0.1374   0.4201   1.0000
   8.300   1.5263   0.01456   0.00858  -0.1368   0.4167   1.0000
   8.400   1.5338   0.01472   0.00872  -0.1362   0.4135   1.0000
   8.500   1.5416   0.01478   0.00884  -0.1356   0.4100   1.0000
   8.600   1.5487   0.01487   0.00896  -0.1349   0.4061   1.0000
   8.700   1.5553   0.01499   0.00909  -0.1341   0.4022   1.0000
   8.800   1.5614   0.01514   0.00923  -0.1332   0.3986   1.0000
   8.900   1.5685   0.01524   0.00937  -0.1326   0.3946   1.0000
   9.000   1.5755   0.01536   0.00951  -0.1319   0.3901   1.0000
   9.100   1.5816   0.01551   0.00966  -0.1310   0.3857   1.0000
   9.200   1.5873   0.01568   0.00983  -0.1301   0.3814   1.0000
   9.300   1.5944   0.01581   0.01000  -0.1295   0.3761   1.0000
   9.400   1.6000   0.01599   0.01018  -0.1286   0.3707   1.0000
   9.500   1.6052   0.01620   0.01038  -0.1276   0.3656   1.0000
   9.600   1.6115   0.01637   0.01057  -0.1269   0.3593   1.0000
   9.700   1.6159   0.01662   0.01080  -0.1258   0.3532   1.0000
   9.800   1.6216   0.01683   0.01102  -0.1250   0.3465   1.0000
   9.900   1.6257   0.01711   0.01128  -0.1240   0.3392   1.0000
  10.000   1.6302   0.01739   0.01155  -0.1230   0.3317   1.0000
  10.100   1.6335   0.01773   0.01186  -0.1218   0.3234   1.0000
  10.200   1.6375   0.01805   0.01217  -0.1208   0.3146   1.0000
  10.300   1.6397   0.01847   0.01255  -0.1195   0.3057   1.0000
  10.400   1.6425   0.01887   0.01292  -0.1184   0.2954   1.0000
  10.500   1.6444   0.01933   0.01334  -0.1171   0.2850   1.0000
  10.600   1.6454   0.01985   0.01381  -0.1158   0.2740   1.0000
  10.700   1.6455   0.02044   0.01433  -0.1143   0.2624   1.0000
  10.800   1.6459   0.02103   0.01487  -0.1130   0.2498   1.0000
  10.900   1.6454   0.02169   0.01547  -0.1115   0.2369   1.0000
  11.000   1.6443   0.02241   0.01612  -0.1101   0.2238   1.0000
  11.100   1.6425   0.02319   0.01683  -0.1086   0.2105   1.0000
  11.200   1.6403   0.02403   0.01759  -0.1071   0.1972   1.0000
  11.300   1.6376   0.02491   0.01841  -0.1056   0.1841   1.0000
  11.400   1.6347   0.02584   0.01926  -0.1041   0.1712   1.0000
  11.500   1.6314   0.02682   0.02017  -0.1026   0.1587   1.0000
  11.600   1.6279   0.02784   0.02112  -0.1012   0.1469   1.0000
  11.700   1.6244   0.02887   0.02210  -0.0998   0.1355   1.0000
  11.800   1.6213   0.02991   0.02309  -0.0985   0.1249   1.0000
  11.900   1.6181   0.03098   0.02410  -0.0973   0.1153   1.0000
  12.000   1.6145   0.03210   0.02518  -0.0961   0.1069   1.0000
  12.100   1.6117   0.03319   0.02624  -0.0950   0.0988   1.0000
  12.200   1.6091   0.03428   0.02730  -0.0940   0.0920   1.0000
  12.300   1.6059   0.03543   0.02843  -0.0930   0.0858   1.0000
  12.400   1.6040   0.03651   0.02949  -0.0921   0.0804   1.0000
  12.500   1.6015   0.03765   0.03062  -0.0912   0.0756   1.0000
  12.600   1.5992   0.03881   0.03177  -0.0903   0.0716   1.0000
  12.700   1.5981   0.03988   0.03285  -0.0896   0.0679   1.0000
  12.800   1.5956   0.04110   0.03407  -0.0889   0.0647   1.0000
  12.900   1.5935   0.04231   0.03528  -0.0882   0.0619   1.0000
  13.000   1.5931   0.04336   0.03636  -0.0876   0.0594   1.0000
  13.100   1.5915   0.04454   0.03755  -0.0870   0.0571   1.0000
  13.200   1.5888   0.04587   0.03888  -0.0864   0.0551   1.0000
  13.300   1.5855   0.04728   0.04030  -0.0858   0.0532   1.0000
  13.400   1.5861   0.04830   0.04137  -0.0854   0.0516   1.0000
  13.500   1.5856   0.04945   0.04255  -0.0849   0.0500   1.0000
  13.600   1.5840   0.05073   0.04384  -0.0845   0.0486   1.0000
  13.700   1.5817   0.05209   0.04522  -0.0841   0.0473   1.0000
  13.800   1.5783   0.05360   0.04675  -0.0836   0.0461   1.0000
  13.900   1.5744   0.05520   0.04836  -0.0832   0.0449   1.0000
  14.000   1.5749   0.05629   0.04951  -0.0829   0.0440   1.0000
  14.100   1.5747   0.05748   0.05074  -0.0827   0.0429   1.0000
  14.200   1.5739   0.05876   0.05206  -0.0824   0.0420   1.0000
  14.300   1.5724   0.06012   0.05344  -0.0821   0.0411   1.0000
  14.400   1.5703   0.06156   0.05491  -0.0819   0.0403   1.0000
  14.500   1.5675   0.06310   0.05647  -0.0817   0.0395   1.0000
  14.600   1.5636   0.06479   0.05818  -0.0814   0.0388   1.0000
  14.700   1.5583   0.06666   0.06008  -0.0812   0.0381   1.0000
  14.800   1.5565   0.06812   0.06157  -0.0810   0.0375   1.0000
  14.900   1.5563   0.06937   0.06288  -0.0809   0.0369   1.0000
  15.000   1.5558   0.07067   0.06422  -0.0808   0.0363   1.0000
