  -7.000  -0.6456   0.02376   0.01824  -0.0279   1.0000   0.0203
  -6.900  -0.6373   0.02322   0.01758  -0.0274   1.0000   0.0204
  -6.800  -0.6310   0.02170   0.01587  -0.0268   1.0000   0.0206
  -6.700  -0.6246   0.02012   0.01411  -0.0261   1.0000   0.0209
  -6.600  -0.6172   0.01900   0.01287  -0.0256   1.0000   0.0212
  -6.500  -0.6090   0.01827   0.01209  -0.0252   1.0000   0.0216
  -6.400  -0.6003   0.01776   0.01154  -0.0248   1.0000   0.0220
  -6.300  -0.5915   0.01736   0.01111  -0.0244   1.0000   0.0225
  -6.200  -0.5825   0.01699   0.01069  -0.0240   1.0000   0.0229
  -6.100  -0.5734   0.01670   0.01037  -0.0237   1.0000   0.0235
  -6.000  -0.5641   0.01645   0.01010  -0.0233   1.0000   0.0242
  -5.900  -0.5549   0.01620   0.00981  -0.0230   1.0000   0.0250
  -5.800  -0.5457   0.01592   0.00950  -0.0226   1.0000   0.0257
  -5.700  -0.5364   0.01563   0.00916  -0.0222   1.0000   0.0264
  -5.600  -0.5271   0.01535   0.00883  -0.0218   1.0000   0.0269
  -5.500  -0.5178   0.01511   0.00854  -0.0214   1.0000   0.0273
  -5.400  -0.5089   0.01466   0.00804  -0.0210   1.0000   0.0278
  -5.300  -0.5011   0.01376   0.00709  -0.0204   1.0000   0.0289
  -5.200  -0.4923   0.01336   0.00669  -0.0200   1.0000   0.0299
  -5.100  -0.4832   0.01311   0.00644  -0.0196   1.0000   0.0309
  -5.000  -0.4740   0.01291   0.00621  -0.0193   1.0000   0.0320
  -4.900  -0.4646   0.01274   0.00603  -0.0189   1.0000   0.0333
  -4.800  -0.4552   0.01259   0.00586  -0.0186   1.0000   0.0347
  -4.700  -0.4457   0.01246   0.00571  -0.0183   1.0000   0.0358
  -4.600  -0.4361   0.01237   0.00559  -0.0179   1.0000   0.0366
  -4.500  -0.4277   0.01173   0.00495  -0.0175   1.0000   0.0392
  -4.400  -0.4184   0.01151   0.00473  -0.0172   1.0000   0.0411
  -4.300  -0.4089   0.01135   0.00457  -0.0169   1.0000   0.0432
  -4.200  -0.3993   0.01121   0.00441  -0.0166   1.0000   0.0454
  -4.100  -0.3896   0.01113   0.00431  -0.0163   1.0000   0.0473
  -4.000  -0.3803   0.01079   0.00397  -0.0160   1.0000   0.0517
  -3.900  -0.3706   0.01064   0.00384  -0.0157   1.0000   0.0555
  -3.800  -0.3609   0.01055   0.00372  -0.0155   1.0000   0.0591
  -3.700  -0.3512   0.01030   0.00352  -0.0152   1.0000   0.0654
  -3.600  -0.3414   0.01017   0.00340  -0.0150   1.0000   0.0716
  -3.500  -0.3316   0.00998   0.00326  -0.0148   1.0000   0.0812
  -3.400  -0.3217   0.00981   0.00315  -0.0147   1.0000   0.0930
  -3.300  -0.3118   0.00963   0.00305  -0.0145   1.0000   0.1084
  -3.100  -0.2918   0.00929   0.00289  -0.0143   1.0000   0.1491
  -3.000  -0.2817   0.00912   0.00281  -0.0143   1.0000   0.1736
  -2.900  -0.2716   0.00896   0.00276  -0.0142   1.0000   0.2008
  -2.800  -0.2613   0.00880   0.00271  -0.0142   1.0000   0.2296
  -2.700  -0.2509   0.00865   0.00268  -0.0142   1.0000   0.2593
  -2.600  -0.2377   0.00847   0.00263  -0.0148   0.9992   0.2936
  -2.500  -0.2227   0.00827   0.00258  -0.0158   0.9979   0.3324
  -2.400  -0.2077   0.00807   0.00254  -0.0168   0.9964   0.3740
  -2.300  -0.1928   0.00786   0.00250  -0.0178   0.9951   0.4184
  -2.200  -0.1778   0.00764   0.00247  -0.0188   0.9938   0.4685
  -2.100  -0.1627   0.00742   0.00244  -0.0197   0.9926   0.5203
  -2.000  -0.1486   0.00721   0.00242  -0.0205   0.9909   0.5691
  -1.900  -0.1348   0.00702   0.00240  -0.0211   0.9887   0.6166
  -1.800  -0.1209   0.00683   0.00238  -0.0217   0.9867   0.6620
  -1.600  -0.0924   0.00651   0.00238  -0.0228   0.9832   0.7477
  -1.500  -0.0780   0.00637   0.00239  -0.0234   0.9817   0.7861
  -1.400  -0.0641   0.00626   0.00239  -0.0237   0.9801   0.8223
  -1.300  -0.0526   0.00617   0.00240  -0.0236   0.9768   0.8532
  -1.200  -0.0396   0.00612   0.00241  -0.0237   0.9743   0.8817
  -1.100  -0.0253   0.00608   0.00242  -0.0241   0.9723   0.9069
  -1.000  -0.0097   0.00607   0.00243  -0.0248   0.9706   0.9275
  -0.900   0.0075   0.00606   0.00242  -0.0258   0.9692   0.9441
  -0.800   0.0258   0.00605   0.00241  -0.0272   0.9680   0.9570
  -0.700   0.0431   0.00605   0.00240  -0.0284   0.9658   0.9678
  -0.600   0.0612   0.00604   0.00238  -0.0298   0.9631   0.9758
  -0.500   0.0792   0.00602   0.00235  -0.0311   0.9604   0.9827
  -0.400   0.0989   0.00600   0.00232  -0.0329   0.9580   0.9877
  -0.300   0.1180   0.00599   0.00229  -0.0345   0.9556   0.9924
  -0.200   0.1385   0.00595   0.00225  -0.0365   0.9533   0.9956
  -0.100   0.1570   0.00593   0.00222  -0.0380   0.9487   0.9997
   0.000   0.1696   0.00589   0.00217  -0.0383   0.9422   1.0000
   0.100   0.1813   0.00586   0.00212  -0.0383   0.9353   1.0000
   0.200   0.1921   0.00583   0.00207  -0.0381   0.9275   1.0000
   0.300   0.2025   0.00581   0.00203  -0.0379   0.9195   1.0000
   0.400   0.2128   0.00578   0.00198  -0.0376   0.9115   1.0000
   0.500   0.2226   0.00577   0.00195  -0.0372   0.9023   1.0000
   0.600   0.2326   0.00576   0.00191  -0.0368   0.8938   1.0000
   0.700   0.2423   0.00575   0.00188  -0.0364   0.8840   1.0000
   0.800   0.2521   0.00575   0.00185  -0.0360   0.8740   1.0000
   0.900   0.2619   0.00576   0.00183  -0.0356   0.8642   1.0000
   1.000   0.2717   0.00577   0.00180  -0.0352   0.8536   1.0000
   1.100   0.2816   0.00579   0.00178  -0.0348   0.8424   1.0000
   1.200   0.2914   0.00581   0.00177  -0.0344   0.8309   1.0000
   1.300   0.3013   0.00584   0.00175  -0.0340   0.8193   1.0000
   1.400   0.3111   0.00588   0.00174  -0.0336   0.8071   1.0000
   1.500   0.3210   0.00592   0.00173  -0.0332   0.7944   1.0000
   1.600   0.3308   0.00597   0.00173  -0.0329   0.7810   1.0000
   1.700   0.3407   0.00602   0.00173  -0.0325   0.7671   1.0000
   1.800   0.3505   0.00608   0.00174  -0.0322   0.7528   1.0000
   1.900   0.3603   0.00614   0.00175  -0.0318   0.7380   1.0000
   2.000   0.3700   0.00621   0.00175  -0.0314   0.7228   1.0000
   2.100   0.3798   0.00628   0.00177  -0.0311   0.7068   1.0000
   2.200   0.3895   0.00636   0.00178  -0.0307   0.6904   1.0000
   2.300   0.3993   0.00644   0.00180  -0.0304   0.6737   1.0000
   2.400   0.4090   0.00653   0.00182  -0.0300   0.6566   1.0000
   2.500   0.4187   0.00663   0.00185  -0.0297   0.6394   1.0000
   2.600   0.4284   0.00673   0.00188  -0.0293   0.6223   1.0000
   2.700   0.4381   0.00683   0.00191  -0.0290   0.6049   1.0000
   2.800   0.4479   0.00693   0.00196  -0.0287   0.5872   1.0000
   2.900   0.4577   0.00703   0.00200  -0.0284   0.5698   1.0000
   3.000   0.4674   0.00715   0.00205  -0.0281   0.5519   1.0000
   3.100   0.4772   0.00727   0.00209  -0.0278   0.5340   1.0000
   3.200   0.4870   0.00738   0.00214  -0.0275   0.5159   1.0000
   3.300   0.4968   0.00750   0.00220  -0.0273   0.4969   1.0000
   3.500   0.5164   0.00776   0.00232  -0.0267   0.4578   1.0000
   3.600   0.5261   0.00791   0.00238  -0.0265   0.4366   1.0000
   3.700   0.5358   0.00806   0.00245  -0.0262   0.4141   1.0000
   3.800   0.5455   0.00823   0.00254  -0.0260   0.3899   1.0000
   3.900   0.5550   0.00842   0.00262  -0.0257   0.3632   1.0000
   4.000   0.5645   0.00863   0.00271  -0.0255   0.3336   1.0000
   4.100   0.5739   0.00886   0.00282  -0.0252   0.3018   1.0000
   4.200   0.5831   0.00912   0.00293  -0.0250   0.2687   1.0000
   4.300   0.5923   0.00940   0.00306  -0.0247   0.2351   1.0000
   4.400   0.6015   0.00970   0.00321  -0.0245   0.2006   1.0000
   4.500   0.6105   0.01003   0.00337  -0.0242   0.1659   1.0000
   4.600   0.6195   0.01037   0.00354  -0.0240   0.1339   1.0000
   4.700   0.6286   0.01070   0.00373  -0.0237   0.1067   1.0000
   4.800   0.6379   0.01101   0.00394  -0.0235   0.0865   1.0000
   4.900   0.6473   0.01130   0.00415  -0.0232   0.0729   1.0000
   5.000   0.6570   0.01155   0.00437  -0.0230   0.0637   1.0000
   5.100   0.6664   0.01187   0.00464  -0.0227   0.0561   1.0000
   5.200   0.6765   0.01203   0.00482  -0.0225   0.0518   1.0000
   5.300   0.6861   0.01231   0.00506  -0.0222   0.0473   1.0000
   5.400   0.6955   0.01262   0.00538  -0.0219   0.0440   1.0000
   5.500   0.7056   0.01280   0.00559  -0.0217   0.0418   1.0000
   5.600   0.7155   0.01301   0.00581  -0.0215   0.0396   1.0000
   5.700   0.7251   0.01327   0.00606  -0.0212   0.0374   1.0000
   5.800   0.7330   0.01385   0.00667  -0.0207   0.0348   1.0000
   5.900   0.7429   0.01406   0.00690  -0.0205   0.0337   1.0000
   6.000   0.7530   0.01422   0.00710  -0.0203   0.0324   1.0000
   6.100   0.7629   0.01444   0.00733  -0.0200   0.0311   1.0000
   6.200   0.7725   0.01469   0.00760  -0.0198   0.0299   1.0000
   6.300   0.7821   0.01496   0.00788  -0.0195   0.0289   1.0000
   6.400   0.7913   0.01528   0.00821  -0.0192   0.0279   1.0000
   6.500   0.7996   0.01580   0.00874  -0.0188   0.0269   1.0000
   6.600   0.8057   0.01686   0.00985  -0.0180   0.0258   1.0000
   6.700   0.8156   0.01710   0.01013  -0.0178   0.0254   1.0000
   6.800   0.8255   0.01734   0.01040  -0.0175   0.0249   1.0000
   6.900   0.8353   0.01760   0.01070  -0.0173   0.0243   1.0000
   7.000   0.8449   0.01788   0.01103  -0.0170   0.0235   1.0000
   7.100   0.8545   0.01816   0.01134  -0.0168   0.0228   1.0000
   7.200   0.8640   0.01847   0.01168  -0.0165   0.0221   1.0000
   7.300   0.8733   0.01884   0.01208  -0.0162   0.0216   1.0000
   7.400   0.8825   0.01922   0.01249  -0.0159   0.0211   1.0000
   7.500   0.8915   0.01964   0.01293  -0.0156   0.0207   1.0000
   7.600   0.9003   0.02014   0.01345  -0.0153   0.0202   1.0000
   7.700   0.9086   0.02084   0.01418  -0.0149   0.0198   1.0000
   7.800   0.9161   0.02192   0.01533  -0.0145   0.0194   1.0000
   7.900   0.9226   0.02364   0.01718  -0.0138   0.0190   1.0000
   8.000   0.9308   0.02447   0.01813  -0.0134   0.0189   1.0000
   8.100   0.9396   0.02498   0.01873  -0.0130   0.0187   1.0000
   8.200   0.9480   0.02562   0.01948  -0.0126   0.0185   1.0000
   8.300   0.9561   0.02633   0.02029  -0.0122   0.0184   1.0000
   8.400   0.9641   0.02703   0.02113  -0.0117   0.0181   1.0000
   8.500   0.9719   0.02774   0.02196  -0.0112   0.0178   1.0000
   8.600   0.9795   0.02847   0.02280  -0.0108   0.0175   1.0000
   8.700   0.9868   0.02922   0.02367  -0.0103   0.0172   1.0000
   8.800   0.9937   0.03002   0.02458  -0.0098   0.0168   1.0000
   8.900   1.0001   0.03095   0.02563  -0.0092   0.0166   1.0000
   9.000   1.0053   0.03217   0.02701  -0.0086   0.0165   1.0000
   9.100   1.0096   0.03355   0.02856  -0.0078   0.0164   1.0000
   9.200   1.0128   0.03511   0.03029  -0.0070   0.0164   1.0000
   9.300   1.0148   0.03686   0.03224  -0.0061   0.0164   1.0000
   9.400   1.0151   0.03884   0.03443  -0.0052   0.0165   1.0000
   9.500   1.0138   0.04100   0.03681  -0.0041   0.0166   1.0000
   9.600   1.0111   0.04330   0.03930  -0.0031   0.0168   1.0000
   9.700   1.0074   0.04560   0.04179  -0.0021   0.0171   1.0000
   9.800   1.0028   0.04783   0.04418  -0.0012   0.0173   1.0000
   9.900   0.9976   0.04997   0.04646  -0.0004   0.0175   1.0000
  10.000   0.9917   0.05202   0.04864   0.0004   0.0177   1.0000
  10.100   0.9852   0.05400   0.05072   0.0010   0.0179   1.0000
  10.200   0.9775   0.05577   0.05257   0.0019   0.0180   1.0000
  10.300   0.9690   0.05745   0.05433   0.0027   0.0182   1.0000
  10.400   0.9602   0.05923   0.05617   0.0031   0.0183   1.0000
  10.500   0.9509   0.06121   0.05820   0.0032   0.0185   1.0000
