  -9.000  -0.7912   0.06279   0.05976  -0.0157   1.0000   0.0308
  -8.900  -0.7937   0.06097   0.05784  -0.0157   1.0000   0.0308
  -8.800  -0.7954   0.05915   0.05592  -0.0157   1.0000   0.0308
  -8.700  -0.7963   0.05734   0.05400  -0.0156   1.0000   0.0308
  -8.600  -0.7966   0.05553   0.05208  -0.0154   1.0000   0.0308
  -8.500  -0.8648   0.03088   0.02584  -0.0117   1.0000   0.0174
  -8.400  -0.8597   0.02944   0.02424  -0.0111   1.0000   0.0174
  -8.300  -0.8540   0.02810   0.02275  -0.0106   1.0000   0.0175
  -8.200  -0.8476   0.02693   0.02146  -0.0101   1.0000   0.0177
  -8.100  -0.8405   0.02596   0.02038  -0.0097   1.0000   0.0179
  -8.000  -0.8328   0.02514   0.01947  -0.0094   1.0000   0.0181
  -7.900  -0.8248   0.02442   0.01868  -0.0090   1.0000   0.0183
  -7.800  -0.8165   0.02376   0.01795  -0.0087   1.0000   0.0185
  -7.700  -0.8079   0.02314   0.01725  -0.0084   1.0000   0.0188
  -7.600  -0.7993   0.02253   0.01656  -0.0080   1.0000   0.0191
  -7.500  -0.7904   0.02196   0.01593  -0.0077   1.0000   0.0194
  -7.400  -0.7813   0.02153   0.01544  -0.0075   1.0000   0.0198
  -7.300  -0.7720   0.02113   0.01499  -0.0072   1.0000   0.0204
  -7.200  -0.7626   0.02072   0.01450  -0.0069   1.0000   0.0209
  -7.100  -0.7532   0.02029   0.01399  -0.0066   1.0000   0.0214
  -7.000  -0.7437   0.01984   0.01347  -0.0063   1.0000   0.0219
  -6.900  -0.7342   0.01940   0.01295  -0.0060   1.0000   0.0222
  -6.800  -0.7246   0.01898   0.01246  -0.0057   1.0000   0.0225
  -6.700  -0.7148   0.01865   0.01208  -0.0054   1.0000   0.0228
  -6.600  -0.7064   0.01772   0.01106  -0.0049   1.0000   0.0232
  -6.500  -0.6988   0.01666   0.00993  -0.0044   1.0000   0.0239
  -6.400  -0.6901   0.01610   0.00935  -0.0040   1.0000   0.0246
  -6.300  -0.6808   0.01572   0.00897  -0.0037   1.0000   0.0253
  -6.200  -0.6713   0.01542   0.00865  -0.0035   1.0000   0.0259
  -6.100  -0.6617   0.01515   0.00836  -0.0032   1.0000   0.0267
  -6.000  -0.6519   0.01492   0.00810  -0.0029   1.0000   0.0277
  -5.900  -0.6421   0.01471   0.00786  -0.0027   1.0000   0.0288
  -5.800  -0.6322   0.01451   0.00763  -0.0024   1.0000   0.0297
  -5.700  -0.6221   0.01434   0.00743  -0.0022   1.0000   0.0304
  -5.600  -0.6131   0.01393   0.00699  -0.0018   1.0000   0.0313
  -5.500  -0.6053   0.01327   0.00632  -0.0012   1.0000   0.0329
  -5.400  -0.5960   0.01296   0.00601  -0.0009   1.0000   0.0343
  -5.300  -0.5864   0.01275   0.00579  -0.0006   1.0000   0.0358
  -5.200  -0.5767   0.01255   0.00557  -0.0003   1.0000   0.0374
  -5.100  -0.5668   0.01238   0.00539  -0.0001   1.0000   0.0391
  -5.000  -0.5567   0.01229   0.00527   0.0001   1.0000   0.0405
  -4.900  -0.5483   0.01181   0.00479   0.0006   1.0000   0.0439
  -4.800  -0.5387   0.01160   0.00459   0.0009   1.0000   0.0468
  -4.700  -0.5290   0.01144   0.00441   0.0012   1.0000   0.0498
  -4.600  -0.5191   0.01129   0.00424   0.0015   1.0000   0.0524
  -4.500  -0.5101   0.01097   0.00396   0.0019   1.0000   0.0583
  -4.400  -0.5003   0.01082   0.00381   0.0021   1.0000   0.0636
  -4.300  -0.4910   0.01056   0.00361   0.0024   1.0000   0.0721
  -4.200  -0.4815   0.01034   0.00344   0.0027   1.0000   0.0826
  -4.100  -0.4721   0.01010   0.00328   0.0030   1.0000   0.0970
  -4.000  -0.4628   0.00987   0.00314   0.0033   1.0000   0.1160
  -3.900  -0.4535   0.00962   0.00299   0.0036   1.0000   0.1395
  -3.800  -0.4442   0.00937   0.00287   0.0038   1.0000   0.1667
  -3.700  -0.4350   0.00913   0.00276   0.0041   1.0000   0.1964
  -3.600  -0.4256   0.00890   0.00266   0.0043   1.0000   0.2270
  -3.500  -0.4162   0.00869   0.00257   0.0045   1.0000   0.2575
  -3.400  -0.4068   0.00848   0.00249   0.0048   1.0000   0.2883
  -3.300  -0.3974   0.00827   0.00242   0.0050   1.0000   0.3196
  -3.200  -0.3879   0.00808   0.00235   0.0052   1.0000   0.3512
  -3.100  -0.3784   0.00790   0.00229   0.0055   1.0000   0.3819
  -3.000  -0.3689   0.00773   0.00224   0.0057   1.0000   0.4115
  -2.900  -0.3593   0.00757   0.00218   0.0060   1.0000   0.4412
  -2.800  -0.3497   0.00741   0.00213   0.0062   1.0000   0.4703
  -2.700  -0.3401   0.00727   0.00209   0.0065   1.0000   0.4986
  -2.600  -0.3304   0.00713   0.00206   0.0067   1.0000   0.5263
  -2.500  -0.3207   0.00699   0.00203   0.0070   1.0000   0.5540
  -2.400  -0.3110   0.00687   0.00201   0.0073   1.0000   0.5807
  -2.300  -0.3012   0.00675   0.00199   0.0076   1.0000   0.6070
  -2.200  -0.2915   0.00664   0.00198   0.0078   1.0000   0.6336
  -2.100  -0.2818   0.00653   0.00197   0.0081   1.0000   0.6590
  -2.000  -0.2720   0.00642   0.00197   0.0085   1.0000   0.6838
  -1.900  -0.2622   0.00633   0.00196   0.0088   1.0000   0.7087
  -1.800  -0.2525   0.00625   0.00197   0.0091   1.0000   0.7328
  -1.700  -0.2428   0.00617   0.00198   0.0095   1.0000   0.7559
  -1.600  -0.2331   0.00610   0.00200   0.0099   1.0000   0.7791
  -1.500  -0.2234   0.00604   0.00202   0.0103   1.0000   0.8005
  -1.400  -0.2138   0.00600   0.00205   0.0107   1.0000   0.8218
  -1.300  -0.2044   0.00597   0.00209   0.0112   1.0000   0.8414
  -1.200  -0.1950   0.00595   0.00213   0.0117   1.0000   0.8604
  -1.100  -0.1858   0.00594   0.00217   0.0123   1.0000   0.8786
  -1.000  -0.1763   0.00595   0.00221   0.0128   0.9999   0.8957
  -0.900  -0.1610   0.00595   0.00224   0.0120   0.9973   0.9107
  -0.800  -0.1451   0.00597   0.00227   0.0112   0.9949   0.9243
  -0.700  -0.1282   0.00599   0.00231   0.0101   0.9931   0.9355
  -0.600  -0.1111   0.00601   0.00233   0.0090   0.9911   0.9449
  -0.500  -0.0944   0.00603   0.00235   0.0079   0.9883   0.9536
  -0.400  -0.0758   0.00605   0.00237   0.0064   0.9863   0.9596
  -0.300  -0.0576   0.00606   0.00237   0.0050   0.9841   0.9660
  -0.200  -0.0377   0.00607   0.00238   0.0031   0.9825   0.9698
  -0.100  -0.0176   0.00608   0.00239   0.0013   0.9809   0.9732
   0.000   0.0000   0.00608   0.00239   0.0000   0.9772   0.9773
   0.100   0.0176   0.00608   0.00239  -0.0013   0.9732   0.9809
   0.200   0.0377   0.00607   0.00238  -0.0031   0.9698   0.9825
   0.300   0.0576   0.00606   0.00237  -0.0050   0.9660   0.9841
   0.400   0.0758   0.00605   0.00237  -0.0064   0.9596   0.9863
   0.500   0.0944   0.00603   0.00235  -0.0079   0.9536   0.9883
   0.600   0.1111   0.00601   0.00233  -0.0090   0.9449   0.9911
   0.700   0.1282   0.00599   0.00231  -0.0101   0.9356   0.9931
   0.800   0.1451   0.00597   0.00227  -0.0112   0.9243   0.9950
   0.900   0.1610   0.00595   0.00224  -0.0120   0.9107   0.9973
   1.000   0.1763   0.00595   0.00221  -0.0128   0.8957   0.9999
   1.100   0.1858   0.00594   0.00217  -0.0123   0.8786   1.0000
   1.200   0.1950   0.00595   0.00213  -0.0117   0.8604   1.0000
   1.300   0.2043   0.00597   0.00209  -0.0112   0.8414   1.0000
   1.400   0.2138   0.00600   0.00205  -0.0107   0.8218   1.0000
   1.500   0.2234   0.00604   0.00202  -0.0103   0.8005   1.0000
   1.600   0.2330   0.00610   0.00200  -0.0099   0.7791   1.0000
   1.700   0.2427   0.00617   0.00198  -0.0095   0.7560   1.0000
   1.800   0.2524   0.00624   0.00197  -0.0091   0.7329   1.0000
   1.900   0.2622   0.00633   0.00196  -0.0088   0.7087   1.0000
   2.000   0.2720   0.00642   0.00197  -0.0085   0.6839   1.0000
   2.100   0.2817   0.00653   0.00197  -0.0081   0.6590   1.0000
   2.200   0.2915   0.00664   0.00198  -0.0078   0.6337   1.0000
   2.300   0.3012   0.00675   0.00199  -0.0075   0.6070   1.0000
   2.400   0.3109   0.00687   0.00201  -0.0073   0.5807   1.0000
   2.500   0.3207   0.00699   0.00203  -0.0070   0.5540   1.0000
   2.600   0.3303   0.00713   0.00206  -0.0067   0.5263   1.0000
   2.700   0.3400   0.00727   0.00209  -0.0065   0.4987   1.0000
   2.800   0.3496   0.00741   0.00213  -0.0062   0.4703   1.0000
   2.900   0.3592   0.00757   0.00217  -0.0060   0.4412   1.0000
   3.000   0.3688   0.00773   0.00223  -0.0057   0.4115   1.0000
   3.100   0.3784   0.00790   0.00229  -0.0055   0.3820   1.0000
   3.200   0.3879   0.00808   0.00235  -0.0052   0.3512   1.0000
   3.300   0.3973   0.00827   0.00242  -0.0050   0.3197   1.0000
   3.400   0.4068   0.00848   0.00249  -0.0048   0.2883   1.0000
   3.500   0.4162   0.00868   0.00257  -0.0045   0.2576   1.0000
   3.600   0.4256   0.00890   0.00266  -0.0043   0.2271   1.0000
   3.700   0.4349   0.00913   0.00276  -0.0041   0.1965   1.0000
   3.800   0.4442   0.00937   0.00287  -0.0038   0.1668   1.0000
   3.900   0.4535   0.00962   0.00299  -0.0036   0.1395   1.0000
   4.000   0.4627   0.00987   0.00314  -0.0033   0.1160   1.0000
   4.100   0.4721   0.01010   0.00328  -0.0030   0.0970   1.0000
   4.200   0.4815   0.01034   0.00344  -0.0027   0.0826   1.0000
   4.300   0.4909   0.01056   0.00361  -0.0024   0.0721   1.0000
   4.400   0.5002   0.01082   0.00381  -0.0021   0.0636   1.0000
   4.500   0.5100   0.01097   0.00396  -0.0018   0.0583   1.0000
   4.600   0.5191   0.01129   0.00424  -0.0015   0.0524   1.0000
   4.700   0.5289   0.01144   0.00441  -0.0012   0.0498   1.0000
   4.800   0.5387   0.01160   0.00459  -0.0009   0.0468   1.0000
   4.900   0.5483   0.01181   0.00478  -0.0006   0.0439   1.0000
   5.000   0.5567   0.01229   0.00526  -0.0001   0.0405   1.0000
   5.100   0.5668   0.01238   0.00539   0.0001   0.0391   1.0000
   5.200   0.5767   0.01255   0.00557   0.0004   0.0374   1.0000
   5.300   0.5864   0.01275   0.00579   0.0006   0.0358   1.0000
   5.400   0.5960   0.01296   0.00601   0.0009   0.0343   1.0000
   5.500   0.6053   0.01327   0.00632   0.0012   0.0329   1.0000
   5.600   0.6131   0.01393   0.00699   0.0018   0.0313   1.0000
   5.700   0.6221   0.01434   0.00743   0.0022   0.0304   1.0000
   5.800   0.6321   0.01451   0.00763   0.0024   0.0297   1.0000
   5.900   0.6420   0.01471   0.00786   0.0027   0.0288   1.0000
   6.000   0.6519   0.01492   0.00810   0.0029   0.0277   1.0000
   6.100   0.6617   0.01515   0.00836   0.0032   0.0267   1.0000
   6.200   0.6713   0.01542   0.00865   0.0035   0.0259   1.0000
   6.300   0.6808   0.01572   0.00896   0.0037   0.0253   1.0000
   6.400   0.6901   0.01610   0.00935   0.0040   0.0246   1.0000
   6.500   0.6988   0.01666   0.00993   0.0044   0.0239   1.0000
   6.600   0.7064   0.01772   0.01106   0.0049   0.0232   1.0000
   6.700   0.7148   0.01865   0.01208   0.0054   0.0228   1.0000
   6.800   0.7246   0.01898   0.01246   0.0057   0.0225   1.0000
   6.900   0.7342   0.01940   0.01295   0.0060   0.0222   1.0000
   7.000   0.7438   0.01984   0.01347   0.0063   0.0219   1.0000
   7.100   0.7532   0.02029   0.01399   0.0066   0.0214   1.0000
   7.200   0.7626   0.02072   0.01450   0.0069   0.0209   1.0000
   7.300   0.7720   0.02114   0.01499   0.0072   0.0204   1.0000
   7.400   0.7813   0.02153   0.01544   0.0074   0.0198   1.0000
   7.500   0.7904   0.02197   0.01593   0.0077   0.0194   1.0000
   7.600   0.7993   0.02253   0.01656   0.0080   0.0191   1.0000
   7.700   0.8080   0.02314   0.01725   0.0083   0.0188   1.0000
   7.800   0.8165   0.02376   0.01795   0.0087   0.0185   1.0000
   7.900   0.8248   0.02442   0.01868   0.0090   0.0183   1.0000
   8.000   0.8329   0.02514   0.01947   0.0093   0.0181   1.0000
   8.100   0.8406   0.02596   0.02038   0.0097   0.0179   1.0000
   8.200   0.8477   0.02694   0.02146   0.0101   0.0177   1.0000
   8.300   0.8541   0.02810   0.02276   0.0106   0.0175   1.0000
   8.400   0.8598   0.02944   0.02424   0.0111   0.0174   1.0000
   8.500   0.8648   0.03088   0.02585   0.0117   0.0174   1.0000
   8.600   0.8694   0.03236   0.02749   0.0122   0.0173   1.0000
   8.700   0.8738   0.03384   0.02915   0.0128   0.0174   1.0000
   8.800   0.8776   0.03538   0.03087   0.0135   0.0175   1.0000
   8.900   0.7883   0.03965   0.03648   0.0196   0.0218   1.0000
