 -12.000  -1.0859   0.02518   0.01870  -0.0329   1.0000   0.1870
 -11.900  -1.0883   0.02485   0.01839  -0.0312   1.0000   0.1883
 -11.800  -1.0909   0.02455   0.01810  -0.0294   1.0000   0.1896
 -11.700  -1.0931   0.02429   0.01785  -0.0277   1.0000   0.1910
 -11.600  -1.0955   0.02406   0.01762  -0.0258   1.0000   0.1923
 -11.500  -1.0981   0.02385   0.01741  -0.0240   1.0000   0.1937
 -11.400  -1.1005   0.02367   0.01721  -0.0221   1.0000   0.1951
 -11.300  -1.1026   0.02351   0.01704  -0.0202   1.0000   0.1964
 -11.200  -1.1048   0.02337   0.01688  -0.0183   1.0000   0.1977
 -11.100  -1.0932   0.02304   0.01655  -0.0190   0.9990   0.1999
 -11.000  -1.0828   0.02262   0.01615  -0.0196   0.9977   0.2022
 -10.900  -1.0716   0.02226   0.01582  -0.0203   0.9963   0.2046
 -10.800  -1.0597   0.02196   0.01552  -0.0210   0.9950   0.2071
 -10.700  -1.0470   0.02170   0.01526  -0.0218   0.9937   0.2096
 -10.600  -1.0333   0.02149   0.01502  -0.0227   0.9925   0.2121
 -10.500  -1.0206   0.02120   0.01473  -0.0235   0.9913   0.2145
 -10.400  -1.0090   0.02085   0.01441  -0.0242   0.9901   0.2171
 -10.300  -0.9963   0.02055   0.01413  -0.0251   0.9892   0.2197
 -10.200  -0.9828   0.02030   0.01389  -0.0260   0.9883   0.2225
 -10.100  -0.9711   0.02007   0.01365  -0.0264   0.9864   0.2251
 -10.000  -0.9585   0.01988   0.01344  -0.0270   0.9843   0.2275
  -9.900  -0.9470   0.01959   0.01316  -0.0275   0.9823   0.2301
  -9.800  -0.9356   0.01928   0.01288  -0.0281   0.9805   0.2328
  -9.700  -0.9229   0.01901   0.01263  -0.0288   0.9789   0.2356
  -9.600  -0.9092   0.01878   0.01241  -0.0297   0.9777   0.2385
  -9.500  -0.8945   0.01858   0.01220  -0.0307   0.9766   0.2414
  -9.300  -0.8656   0.01809   0.01172  -0.0327   0.9747   0.2471
  -9.200  -0.8515   0.01781   0.01147  -0.0336   0.9738   0.2501
  -9.100  -0.8379   0.01758   0.01126  -0.0344   0.9726   0.2532
  -9.000  -0.8294   0.01740   0.01108  -0.0341   0.9685   0.2558
  -8.900  -0.8171   0.01724   0.01089  -0.0345   0.9659   0.2586
  -8.800  -0.8044   0.01705   0.01070  -0.0351   0.9636   0.2613
  -8.700  -0.7930   0.01677   0.01046  -0.0354   0.9613   0.2643
  -8.600  -0.7809   0.01653   0.01024  -0.0359   0.9593   0.2673
  -8.500  -0.7683   0.01633   0.01004  -0.0363   0.9575   0.2704
  -8.400  -0.7585   0.01617   0.00988  -0.0362   0.9543   0.2732
  -8.300  -0.7505   0.01605   0.00974  -0.0357   0.9495   0.2757
  -8.200  -0.7406   0.01589   0.00957  -0.0356   0.9458   0.2783
  -8.100  -0.7318   0.01565   0.00937  -0.0353   0.9424   0.2812
  -8.000  -0.7224   0.01545   0.00918  -0.0351   0.9395   0.2841
  -7.900  -0.7145   0.01529   0.00903  -0.0345   0.9355   0.2869
  -7.800  -0.7079   0.01517   0.00891  -0.0337   0.9302   0.2896
  -7.700  -0.6995   0.01505   0.00877  -0.0332   0.9258   0.2924
  -7.600  -0.6901   0.01494   0.00863  -0.0328   0.9221   0.2949
  -7.500  -0.6819   0.01474   0.00844  -0.0323   0.9188   0.2978
  -7.400  -0.6760   0.01460   0.00833  -0.0314   0.9135   0.3005
  -7.300  -0.6694   0.01447   0.00821  -0.0306   0.9083   0.3033
  -7.200  -0.6618   0.01434   0.00807  -0.0299   0.9037   0.3062
  -7.100  -0.6530   0.01422   0.00793  -0.0294   0.8998   0.3092
  -7.000  -0.6440   0.01413   0.00781  -0.0290   0.8959   0.3119
  -6.900  -0.6366   0.01404   0.00771  -0.0283   0.8904   0.3145
  -6.800  -0.6301   0.01389   0.00759  -0.0274   0.8851   0.3174
  -6.700  -0.6226   0.01376   0.00746  -0.0267   0.8806   0.3204
  -6.600  -0.6145   0.01364   0.00734  -0.0261   0.8765   0.3234
  -6.500  -0.6069   0.01357   0.00726  -0.0254   0.8716   0.3264
  -6.400  -0.5992   0.01351   0.00718  -0.0247   0.8662   0.3293
  -6.300  -0.5908   0.01346   0.00709  -0.0241   0.8611   0.3320
  -6.200  -0.5834   0.01334   0.00697  -0.0234   0.8565   0.3350
  -6.100  -0.5759   0.01323   0.00687  -0.0226   0.8523   0.3380
  -6.000  -0.5691   0.01316   0.00681  -0.0218   0.8468   0.3410
  -5.900  -0.5615   0.01309   0.00675  -0.0211   0.8414   0.3441
  -5.800  -0.5530   0.01303   0.00666  -0.0205   0.8365   0.3472
  -5.700  -0.5436   0.01299   0.00657  -0.0201   0.8320   0.3502
  -5.600  -0.5347   0.01292   0.00648  -0.0197   0.8273   0.3532
  -5.500  -0.5270   0.01282   0.00642  -0.0190   0.8219   0.3564
  -5.400  -0.5188   0.01274   0.00635  -0.0185   0.8166   0.3595
  -5.300  -0.5100   0.01267   0.00627  -0.0180   0.8117   0.3628
  -5.200  -0.5005   0.01262   0.00618  -0.0176   0.8071   0.3662
  -5.100  -0.4912   0.01259   0.00613  -0.0172   0.8022   0.3694
  -5.000  -0.4819   0.01255   0.00607  -0.0168   0.7968   0.3723
  -4.900  -0.4735   0.01245   0.00599  -0.0163   0.7915   0.3757
  -4.800  -0.4647   0.01238   0.00592  -0.0158   0.7866   0.3790
  -4.700  -0.4554   0.01233   0.00585  -0.0154   0.7820   0.3824
  -4.600  -0.4463   0.01228   0.00581  -0.0150   0.7769   0.3858
  -4.500  -0.4368   0.01225   0.00576  -0.0146   0.7715   0.3892
  -4.300  -0.4180   0.01215   0.00562  -0.0138   0.7615   0.3957
  -4.200  -0.4090   0.01209   0.00557  -0.0134   0.7568   0.3991
  -4.100  -0.3999   0.01204   0.00553  -0.0130   0.7515   0.4026
  -4.000  -0.3905   0.01200   0.00548  -0.0126   0.7462   0.4061
  -3.900  -0.3807   0.01198   0.00543  -0.0123   0.7412   0.4096
  -3.800  -0.3705   0.01198   0.00537  -0.0120   0.7364   0.4128
  -3.700  -0.3615   0.01191   0.00532  -0.0116   0.7316   0.4163
  -3.600  -0.3524   0.01184   0.00529  -0.0112   0.7264   0.4199
  -3.500  -0.3430   0.01180   0.00525  -0.0108   0.7212   0.4235
  -3.400  -0.3334   0.01178   0.00520  -0.0105   0.7162   0.4272
  -3.300  -0.3234   0.01178   0.00515  -0.0102   0.7115   0.4308
  -3.100  -0.3041   0.01170   0.00508  -0.0095   0.7016   0.4377
  -3.000  -0.2948   0.01165   0.00505  -0.0091   0.6965   0.4413
  -2.900  -0.2853   0.01162   0.00501  -0.0088   0.6916   0.4450
  -2.800  -0.2755   0.01162   0.00497  -0.0085   0.6870   0.4488
  -2.700  -0.2655   0.01160   0.00495  -0.0082   0.6823   0.4525
  -2.500  -0.2460   0.01153   0.00489  -0.0076   0.6722   0.4597
  -2.400  -0.2366   0.01150   0.00485  -0.0072   0.6675   0.4634
  -2.300  -0.2269   0.01150   0.00482  -0.0068   0.6629   0.4673
  -2.200  -0.2170   0.01147   0.00481  -0.0066   0.6583   0.4712
  -2.100  -0.2070   0.01146   0.00479  -0.0063   0.6533   0.4750
  -2.000  -0.1969   0.01146   0.00476  -0.0060   0.6484   0.4785
  -1.900  -0.1875   0.01142   0.00473  -0.0057   0.6437   0.4823
  -1.800  -0.1779   0.01141   0.00470  -0.0053   0.6393   0.4862
  -1.700  -0.1681   0.01138   0.00470  -0.0050   0.6349   0.4902
  -1.600  -0.1581   0.01136   0.00468  -0.0047   0.6301   0.4943
  -1.500  -0.1480   0.01137   0.00466  -0.0045   0.6252   0.4981
  -1.400  -0.1381   0.01136   0.00463  -0.0042   0.6206   0.5018
  -1.300  -0.1286   0.01135   0.00462  -0.0038   0.6162   0.5057
  -1.200  -0.1188   0.01132   0.00461  -0.0035   0.6120   0.5098
  -1.100  -0.1089   0.01130   0.00461  -0.0032   0.6074   0.5139
  -1.000  -0.0989   0.01130   0.00459  -0.0029   0.6027   0.5181
  -0.900  -0.0888   0.01132   0.00457  -0.0027   0.5981   0.5219
  -0.800  -0.0791   0.01131   0.00456  -0.0023   0.5937   0.5258
  -0.700  -0.0694   0.01129   0.00456  -0.0020   0.5896   0.5299
  -0.600  -0.0595   0.01126   0.00456  -0.0017   0.5852   0.5341
  -0.500  -0.0495   0.01126   0.00455  -0.0015   0.5806   0.5384
  -0.400  -0.0395   0.01127   0.00454  -0.0012   0.5762   0.5426
  -0.300  -0.0296   0.01129   0.00453  -0.0009   0.5719   0.5465
  -0.200  -0.0199   0.01129   0.00453  -0.0006   0.5677   0.5506
  -0.100  -0.0099   0.01125   0.00454  -0.0003   0.5636   0.5548
   0.000   0.0000   0.01124   0.00454   0.0000   0.5592   0.5592
   0.100   0.0099   0.01125   0.00454   0.0003   0.5548   0.5636
   0.200   0.0199   0.01129   0.00453   0.0006   0.5506   0.5677
   0.300   0.0296   0.01129   0.00453   0.0009   0.5465   0.5719
   0.400   0.0395   0.01127   0.00454   0.0012   0.5426   0.5762
   0.500   0.0495   0.01126   0.00455   0.0015   0.5384   0.5806
   0.600   0.0595   0.01126   0.00456   0.0017   0.5341   0.5852
   0.700   0.0694   0.01129   0.00456   0.0020   0.5299   0.5896
   0.800   0.0792   0.01131   0.00456   0.0023   0.5258   0.5937
   0.900   0.0888   0.01132   0.00457   0.0027   0.5219   0.5981
   1.000   0.0989   0.01130   0.00459   0.0029   0.5181   0.6027
   1.100   0.1089   0.01130   0.00461   0.0032   0.5139   0.6074
   1.200   0.1188   0.01132   0.00461   0.0035   0.5098   0.6120
   1.300   0.1287   0.01135   0.00462   0.0038   0.5057   0.6162
   1.400   0.1382   0.01136   0.00463   0.0042   0.5018   0.6206
   1.500   0.1480   0.01137   0.00466   0.0045   0.4981   0.6252
   1.600   0.1581   0.01136   0.00468   0.0047   0.4943   0.6301
   1.700   0.1681   0.01138   0.00470   0.0050   0.4902   0.6349
   1.900   0.1875   0.01142   0.00473   0.0056   0.4823   0.6437
   2.000   0.1970   0.01146   0.00476   0.0060   0.4785   0.6484
   2.100   0.2070   0.01146   0.00479   0.0063   0.4750   0.6533
   2.200   0.2171   0.01147   0.00481   0.0065   0.4712   0.6583
   2.400   0.2366   0.01150   0.00485   0.0072   0.4634   0.6675
   2.500   0.2461   0.01153   0.00489   0.0075   0.4597   0.6722
   2.600   0.2554   0.01159   0.00492   0.0079   0.4559   0.6772
   2.700   0.2655   0.01160   0.00495   0.0082   0.4525   0.6823
   2.900   0.2854   0.01162   0.00501   0.0088   0.4450   0.6916
   3.000   0.2949   0.01165   0.00505   0.0091   0.4413   0.6965
   3.100   0.3042   0.01170   0.00508   0.0095   0.4377   0.7016
   3.200   0.3134   0.01177   0.00512   0.0099   0.4340   0.7068
   3.300   0.3235   0.01178   0.00515   0.0102   0.4308   0.7115
   3.400   0.3335   0.01178   0.00520   0.0104   0.4272   0.7162
   3.500   0.3431   0.01180   0.00525   0.0108   0.4235   0.7212
   3.600   0.3525   0.01184   0.00529   0.0112   0.4199   0.7264
   3.700   0.3616   0.01191   0.00532   0.0116   0.4163   0.7317
   3.800   0.3706   0.01198   0.00537   0.0120   0.4127   0.7364
   3.900   0.3808   0.01198   0.00543   0.0123   0.4096   0.7412
   4.000   0.3906   0.01200   0.00548   0.0126   0.4061   0.7462
   4.100   0.4000   0.01204   0.00553   0.0130   0.4026   0.7515
   4.200   0.4091   0.01209   0.00557   0.0134   0.3991   0.7568
   4.300   0.4182   0.01215   0.00562   0.0138   0.3957   0.7615
   4.400   0.4271   0.01223   0.00570   0.0143   0.3922   0.7663
   4.500   0.4370   0.01225   0.00576   0.0146   0.3891   0.7715
   4.600   0.4465   0.01228   0.00581   0.0149   0.3858   0.7769
   4.700   0.4556   0.01233   0.00585   0.0153   0.3824   0.7820
   4.800   0.4649   0.01238   0.00592   0.0157   0.3790   0.7866
   4.900   0.4737   0.01245   0.00599   0.0162   0.3756   0.7915
   5.000   0.4821   0.01255   0.00607   0.0168   0.3723   0.7968
   5.100   0.4914   0.01259   0.00613   0.0172   0.3693   0.8022
   5.200   0.5008   0.01262   0.00618   0.0175   0.3662   0.8071
   5.300   0.5102   0.01267   0.00627   0.0179   0.3628   0.8117
   5.400   0.5191   0.01274   0.00635   0.0184   0.3595   0.8166
   5.500   0.5273   0.01282   0.00642   0.0190   0.3563   0.8219
   5.600   0.5350   0.01292   0.00648   0.0196   0.3532   0.8273
   5.700   0.5440   0.01299   0.00657   0.0201   0.3502   0.8320
   5.800   0.5534   0.01303   0.00666   0.0205   0.3472   0.8364
   5.900   0.5619   0.01309   0.00675   0.0210   0.3441   0.8414
   6.000   0.5696   0.01316   0.00681   0.0217   0.3409   0.8468
   6.100   0.5764   0.01323   0.00687   0.0226   0.3380   0.8523
   6.200   0.5839   0.01334   0.00697   0.0233   0.3349   0.8565
   6.300   0.5913   0.01346   0.00709   0.0240   0.3319   0.8611
   6.400   0.5998   0.01351   0.00718   0.0246   0.3293   0.8661
   6.500   0.6074   0.01357   0.00726   0.0253   0.3264   0.8716
   6.600   0.6150   0.01364   0.00734   0.0260   0.3233   0.8765
   6.700   0.6231   0.01376   0.00746   0.0266   0.3203   0.8805
   6.800   0.6306   0.01389   0.00759   0.0273   0.3174   0.8851
   6.900   0.6372   0.01404   0.00771   0.0281   0.3145   0.8903
   7.000   0.6445   0.01413   0.00781   0.0289   0.3119   0.8958
   7.100   0.6536   0.01422   0.00793   0.0293   0.3091   0.8998
   7.200   0.6623   0.01434   0.00807   0.0298   0.3061   0.9036
   7.300   0.6700   0.01446   0.00820   0.0304   0.3032   0.9082
   7.400   0.6766   0.01460   0.00832   0.0313   0.3004   0.9134
   7.500   0.6825   0.01474   0.00844   0.0322   0.2978   0.9187
   7.600   0.6907   0.01494   0.00862   0.0327   0.2949   0.9221
   7.700   0.7002   0.01505   0.00877   0.0331   0.2923   0.9258
   7.800   0.7086   0.01517   0.00891   0.0336   0.2896   0.9302
   7.900   0.7152   0.01529   0.00903   0.0344   0.2868   0.9355
   8.000   0.7230   0.01544   0.00918   0.0349   0.2840   0.9395
   8.100   0.7325   0.01565   0.00936   0.0351   0.2811   0.9424
   8.200   0.7412   0.01589   0.00956   0.0354   0.2783   0.9458
   8.300   0.7512   0.01604   0.00973   0.0356   0.2757   0.9495
   8.400   0.7592   0.01616   0.00987   0.0361   0.2732   0.9542
   8.500   0.7690   0.01632   0.01004   0.0362   0.2703   0.9575
   8.600   0.7816   0.01653   0.01023   0.0357   0.2672   0.9593
   8.700   0.7937   0.01677   0.01045   0.0353   0.2642   0.9613
   8.800   0.8050   0.01704   0.01069   0.0349   0.2612   0.9636
   8.900   0.8178   0.01723   0.01088   0.0344   0.2586   0.9659
   9.000   0.8301   0.01739   0.01107   0.0340   0.2558   0.9686
   9.100   0.8382   0.01757   0.01124   0.0344   0.2532   0.9728
   9.200   0.8523   0.01780   0.01146   0.0335   0.2501   0.9739
   9.300   0.8664   0.01808   0.01171   0.0325   0.2471   0.9748
   9.400   0.8797   0.01841   0.01199   0.0316   0.2440   0.9757
   9.500   0.8953   0.01857   0.01219   0.0305   0.2414   0.9766
   9.600   0.9101   0.01877   0.01239   0.0295   0.2384   0.9777
   9.700   0.9238   0.01900   0.01262   0.0287   0.2355   0.9790
   9.800   0.9364   0.01926   0.01286   0.0279   0.2327   0.9805
   9.900   0.9479   0.01958   0.01314   0.0274   0.2300   0.9824
  10.000   0.9594   0.01986   0.01342   0.0269   0.2275   0.9844
  10.100   0.9720   0.02005   0.01363   0.0263   0.2250   0.9865
  10.200   0.9839   0.02028   0.01387   0.0258   0.2224   0.9884
  10.300   0.9974   0.02053   0.01411   0.0249   0.2196   0.9892
  10.400   1.0101   0.02083   0.01439   0.0240   0.2170   0.9902
  10.500   1.0217   0.02119   0.01471   0.0233   0.2144   0.9914
  10.600   1.0345   0.02146   0.01499   0.0225   0.2120   0.9926
  10.700   1.0482   0.02168   0.01523   0.0216   0.2095   0.9938
  10.800   1.0609   0.02194   0.01550   0.0208   0.2070   0.9951
  10.900   1.0729   0.02224   0.01579   0.0200   0.2045   0.9964
  11.000   1.0841   0.02259   0.01613   0.0194   0.2021   0.9978
  11.100   1.0944   0.02302   0.01652   0.0188   0.1998   0.9991
  11.200   1.1048   0.02333   0.01683   0.0183   0.1977   1.0000
  11.300   1.1025   0.02347   0.01700   0.0203   0.1964   1.0000
  11.400   1.1004   0.02362   0.01717   0.0221   0.1951   1.0000
  11.500   1.0981   0.02381   0.01736   0.0240   0.1937   1.0000
  11.600   1.0955   0.02402   0.01757   0.0259   0.1923   1.0000
  11.700   1.0931   0.02425   0.01780   0.0277   0.1910   1.0000
  11.800   1.0909   0.02450   0.01805   0.0295   0.1896   1.0000
  11.900   1.0885   0.02480   0.01834   0.0312   0.1883   1.0000
  12.000   1.0861   0.02513   0.01865   0.0329   0.1870   1.0000