 -11.000  -0.5306   0.09959   0.09704  -0.0143   1.0000   0.0394
 -10.900  -0.5351   0.09686   0.09432  -0.0153   1.0000   0.0394
 -10.800  -0.6685   0.09175   0.08915  -0.0114   1.0000   0.0320
 -10.700  -0.6661   0.09084   0.08824  -0.0118   1.0000   0.0323
 -10.600  -0.6630   0.09009   0.08749  -0.0121   1.0000   0.0327
 -10.500  -0.6589   0.08955   0.08695  -0.0123   1.0000   0.0334
 -10.400  -0.9294   0.03363   0.02892  -0.0381   1.0000   0.0209
 -10.300  -0.9247   0.03286   0.02807  -0.0376   1.0000   0.0210
 -10.200  -0.9197   0.03210   0.02724  -0.0371   1.0000   0.0212
 -10.100  -0.9144   0.03136   0.02642  -0.0366   1.0000   0.0214
 -10.000  -0.9087   0.03068   0.02567  -0.0362   1.0000   0.0216
  -9.900  -0.9027   0.03000   0.02492  -0.0357   1.0000   0.0218
  -9.800  -0.8968   0.02930   0.02415  -0.0352   1.0000   0.0220
  -9.700  -0.8907   0.02860   0.02336  -0.0347   1.0000   0.0222
  -9.600  -0.8846   0.02790   0.02256  -0.0342   1.0000   0.0224
  -9.500  -0.8782   0.02720   0.02177  -0.0336   1.0000   0.0227
  -9.400  -0.8718   0.02652   0.02100  -0.0331   1.0000   0.0229
  -9.300  -0.8651   0.02586   0.02024  -0.0325   1.0000   0.0232
  -9.200  -0.8582   0.02523   0.01951  -0.0320   1.0000   0.0235
  -9.100  -0.8511   0.02465   0.01883  -0.0314   1.0000   0.0238
  -9.000  -0.8438   0.02414   0.01822  -0.0309   1.0000   0.0241
  -8.900  -0.8360   0.02376   0.01775  -0.0304   1.0000   0.0244
  -8.800  -0.8278   0.02352   0.01742  -0.0299   1.0000   0.0246
  -8.700  -0.8224   0.02236   0.01616  -0.0292   1.0000   0.0251
  -8.600  -0.8158   0.02159   0.01536  -0.0287   1.0000   0.0255
  -8.500  -0.8081   0.02117   0.01494  -0.0282   1.0000   0.0259
  -8.400  -0.8001   0.02085   0.01462  -0.0278   1.0000   0.0264
  -8.300  -0.7919   0.02055   0.01430  -0.0273   1.0000   0.0268
  -8.200  -0.7838   0.02023   0.01395  -0.0269   1.0000   0.0272
  -8.100  -0.7756   0.01990   0.01358  -0.0264   1.0000   0.0276
  -8.000  -0.7675   0.01955   0.01318  -0.0259   1.0000   0.0280
  -7.900  -0.7593   0.01921   0.01280  -0.0254   1.0000   0.0285
  -7.800  -0.7511   0.01888   0.01243  -0.0249   1.0000   0.0290
  -7.700  -0.7427   0.01857   0.01207  -0.0243   1.0000   0.0294
  -7.600  -0.7343   0.01829   0.01174  -0.0238   1.0000   0.0299
  -7.500  -0.7258   0.01806   0.01146  -0.0234   1.0000   0.0302
  -7.400  -0.7181   0.01759   0.01094  -0.0228   1.0000   0.0307
  -7.300  -0.7114   0.01691   0.01025  -0.0221   1.0000   0.0316
  -7.200  -0.7035   0.01660   0.00995  -0.0216   1.0000   0.0323
  -7.100  -0.6951   0.01639   0.00974  -0.0211   1.0000   0.0330
  -7.000  -0.6866   0.01619   0.00954  -0.0207   1.0000   0.0337
  -6.900  -0.6781   0.01600   0.00932  -0.0202   1.0000   0.0345
  -6.800  -0.6696   0.01579   0.00909  -0.0197   1.0000   0.0353
  -6.700  -0.6611   0.01558   0.00886  -0.0192   1.0000   0.0361
  -6.600  -0.6525   0.01539   0.00863  -0.0187   1.0000   0.0368
  -6.500  -0.6437   0.01524   0.00845  -0.0183   1.0000   0.0373
  -6.400  -0.6366   0.01470   0.00789  -0.0176   1.0000   0.0384
  -6.300  -0.6289   0.01434   0.00755  -0.0171   1.0000   0.0395
  -6.200  -0.6204   0.01415   0.00736  -0.0166   1.0000   0.0406
  -6.100  -0.6117   0.01399   0.00720  -0.0162   1.0000   0.0418
  -6.000  -0.6029   0.01385   0.00705  -0.0158   1.0000   0.0430
  -5.900  -0.5941   0.01371   0.00688  -0.0153   1.0000   0.0443
  -5.800  -0.5851   0.01361   0.00674  -0.0149   1.0000   0.0454
  -5.700  -0.5769   0.01330   0.00642  -0.0144   1.0000   0.0469
  -5.600  -0.5687   0.01299   0.00614  -0.0140   1.0000   0.0488
  -5.500  -0.5599   0.01282   0.00598  -0.0136   1.0000   0.0504
  -5.400  -0.5509   0.01269   0.00584  -0.0132   1.0000   0.0522
  -5.300  -0.5418   0.01258   0.00571  -0.0128   1.0000   0.0541
  -5.200  -0.5326   0.01251   0.00561  -0.0125   1.0000   0.0556
  -5.100  -0.5241   0.01218   0.00532  -0.0121   1.0000   0.0589
  -5.000  -0.5151   0.01204   0.00519  -0.0117   1.0000   0.0617
  -4.900  -0.5058   0.01193   0.00507  -0.0114   1.0000   0.0645
  -4.800  -0.4965   0.01186   0.00498  -0.0111   1.0000   0.0668
  -4.700  -0.4875   0.01161   0.00477  -0.0108   1.0000   0.0714
  -4.600  -0.4782   0.01149   0.00467  -0.0105   1.0000   0.0755
  -4.400  -0.4524   0.01117   0.00440  -0.0114   0.9986   0.0874
  -4.300  -0.4371   0.01101   0.00427  -0.0124   0.9974   0.0953
  -4.200  -0.4219   0.01085   0.00415  -0.0134   0.9961   0.1049
  -4.100  -0.4066   0.01067   0.00403  -0.0144   0.9948   0.1165
  -4.000  -0.3912   0.01050   0.00393  -0.0154   0.9937   0.1298
  -3.900  -0.3756   0.01034   0.00384  -0.0164   0.9926   0.1452
  -3.800  -0.3607   0.01018   0.00375  -0.0173   0.9913   0.1617
  -3.700  -0.3466   0.01002   0.00366  -0.0181   0.9895   0.1790
  -3.600  -0.3322   0.00984   0.00357  -0.0189   0.9878   0.1979
  -3.500  -0.3174   0.00968   0.00349  -0.0198   0.9862   0.2183
  -3.400  -0.3023   0.00953   0.00342  -0.0207   0.9847   0.2393
  -3.300  -0.2871   0.00937   0.00336  -0.0217   0.9835   0.2615
  -3.200  -0.2716   0.00922   0.00330  -0.0227   0.9823   0.2845
  -3.100  -0.2559   0.00906   0.00323  -0.0237   0.9813   0.3081
  -2.900  -0.2290   0.00876   0.00311  -0.0249   0.9768   0.3545
  -2.800  -0.2147   0.00861   0.00305  -0.0256   0.9748   0.3793
  -2.700  -0.1999   0.00844   0.00299  -0.0265   0.9730   0.4061
  -2.600  -0.1847   0.00827   0.00293  -0.0274   0.9716   0.4353
  -2.500  -0.1693   0.00810   0.00288  -0.0283   0.9703   0.4653
  -2.400  -0.1539   0.00794   0.00283  -0.0293   0.9691   0.4960
  -2.300  -0.1387   0.00778   0.00278  -0.0302   0.9678   0.5266
  -2.200  -0.1282   0.00764   0.00275  -0.0300   0.9636   0.5521
  -2.100  -0.1154   0.00750   0.00270  -0.0303   0.9606   0.5795
  -2.000  -0.1022   0.00736   0.00266  -0.0306   0.9581   0.6067
  -1.900  -0.0886   0.00722   0.00262  -0.0311   0.9558   0.6325
  -1.800  -0.0749   0.00709   0.00258  -0.0315   0.9538   0.6583
  -1.700  -0.0653   0.00698   0.00256  -0.0311   0.9489   0.6806
  -1.600  -0.0539   0.00688   0.00253  -0.0309   0.9449   0.7032
  -1.500  -0.0420   0.00676   0.00250  -0.0309   0.9416   0.7253
  -1.400  -0.0298   0.00666   0.00246  -0.0309   0.9387   0.7470
  -1.200  -0.0101   0.00650   0.00243  -0.0299   0.9283   0.7857
  -1.100   0.0010   0.00642   0.00241  -0.0296   0.9245   0.8043
  -1.000   0.0107   0.00637   0.00240  -0.0291   0.9191   0.8219
  -0.900   0.0206   0.00632   0.00239  -0.0286   0.9135   0.8386
  -0.800   0.0312   0.00627   0.00238  -0.0281   0.9090   0.8544
  -0.700   0.0409   0.00624   0.00238  -0.0275   0.9028   0.8692
  -0.600   0.0510   0.00622   0.00237  -0.0270   0.8970   0.8829
  -0.500   0.0616   0.00621   0.00236  -0.0266   0.8918   0.8957
  -0.400   0.0717   0.00620   0.00237  -0.0261   0.8848   0.9079
  -0.300   0.0830   0.00621   0.00236  -0.0258   0.8790   0.9184
  -0.200   0.0945   0.00622   0.00236  -0.0257   0.8722   0.9278
   0.000   0.1191   0.00625   0.00236  -0.0257   0.8588   0.9443
   0.100   0.1305   0.00627   0.00236  -0.0255   0.8512   0.9529
   0.200   0.1455   0.00630   0.00235  -0.0261   0.8443   0.9578
   0.300   0.1590   0.00632   0.00235  -0.0264   0.8362   0.9640
   0.400   0.1730   0.00636   0.00235  -0.0269   0.8285   0.9692
   0.500   0.1889   0.00639   0.00235  -0.0278   0.8199   0.9729
   0.600   0.2043   0.00642   0.00235  -0.0285   0.8113   0.9771
   0.700   0.2191   0.00646   0.00235  -0.0292   0.8023   0.9812
   0.800   0.2365   0.00649   0.00234  -0.0305   0.7926   0.9835
   0.900   0.2532   0.00653   0.00233  -0.0316   0.7831   0.9863
   1.000   0.2692   0.00657   0.00233  -0.0326   0.7726   0.9896
   1.100   0.2852   0.00661   0.00233  -0.0335   0.7619   0.9926
   1.200   0.3022   0.00665   0.00232  -0.0347   0.7511   0.9949
   1.300   0.3189   0.00669   0.00231  -0.0359   0.7396   0.9974
   1.400   0.3356   0.00674   0.00231  -0.0371   0.7276   1.0000
   1.500   0.3457   0.00677   0.00230  -0.0369   0.7164   1.0000
   1.600   0.3556   0.00681   0.00228  -0.0366   0.7053   1.0000
   1.700   0.3655   0.00685   0.00227  -0.0363   0.6938   1.0000
   1.800   0.3754   0.00689   0.00226  -0.0361   0.6821   1.0000
   1.900   0.3852   0.00693   0.00226  -0.0358   0.6707   1.0000
   2.000   0.3950   0.00699   0.00226  -0.0355   0.6593   1.0000
   2.100   0.4048   0.00704   0.00226  -0.0352   0.6475   1.0000
   2.200   0.4146   0.00709   0.00228  -0.0350   0.6356   1.0000
   2.300   0.4244   0.00715   0.00229  -0.0347   0.6239   1.0000
   2.400   0.4341   0.00721   0.00230  -0.0344   0.6123   1.0000
   2.600   0.4535   0.00734   0.00234  -0.0338   0.5885   1.0000
   2.700   0.4632   0.00741   0.00236  -0.0335   0.5766   1.0000
   2.800   0.4728   0.00748   0.00238  -0.0332   0.5650   1.0000
   2.900   0.4824   0.00757   0.00241  -0.0329   0.5533   1.0000
   3.000   0.4921   0.00764   0.00245  -0.0326   0.5412   1.0000
   3.100   0.5017   0.00771   0.00248  -0.0322   0.5293   1.0000
   3.200   0.5113   0.00779   0.00252  -0.0319   0.5176   1.0000
   3.300   0.5209   0.00788   0.00255  -0.0316   0.5058   1.0000
   3.400   0.5304   0.00797   0.00260  -0.0313   0.4935   1.0000
   3.500   0.5401   0.00805   0.00264  -0.0310   0.4813   1.0000
   3.600   0.5496   0.00814   0.00269  -0.0307   0.4690   1.0000
   3.700   0.5591   0.00823   0.00273  -0.0303   0.4565   1.0000
   3.800   0.5686   0.00834   0.00279  -0.0300   0.4439   1.0000
   3.900   0.5781   0.00844   0.00285  -0.0297   0.4307   1.0000
   4.000   0.5875   0.00855   0.00291  -0.0294   0.4167   1.0000
   4.100   0.5970   0.00866   0.00297  -0.0290   0.4025   1.0000
   4.200   0.6064   0.00877   0.00303  -0.0287   0.3877   1.0000
   4.300   0.6157   0.00890   0.00310  -0.0284   0.3720   1.0000
   4.400   0.6250   0.00904   0.00317  -0.0280   0.3557   1.0000
   4.500   0.6342   0.00919   0.00325  -0.0277   0.3391   1.0000
   4.600   0.6434   0.00934   0.00333  -0.0273   0.3217   1.0000
   4.700   0.6526   0.00950   0.00343  -0.0270   0.3035   1.0000
   4.800   0.6616   0.00968   0.00353  -0.0266   0.2847   1.0000
   4.900   0.6706   0.00987   0.00363  -0.0263   0.2660   1.0000
   5.000   0.6797   0.01006   0.00374  -0.0259   0.2472   1.0000
   5.100   0.6887   0.01027   0.00386  -0.0256   0.2278   1.0000
   5.200   0.6976   0.01049   0.00399  -0.0253   0.2085   1.0000
   5.300   0.7065   0.01072   0.00412  -0.0249   0.1899   1.0000
   5.400   0.7155   0.01094   0.00426  -0.0246   0.1719   1.0000
   5.500   0.7245   0.01117   0.00441  -0.0243   0.1547   1.0000
   5.600   0.7334   0.01142   0.00458  -0.0239   0.1386   1.0000
   5.700   0.7423   0.01166   0.00474  -0.0236   0.1240   1.0000
   5.800   0.7514   0.01190   0.00491  -0.0233   0.1113   1.0000
   5.900   0.7604   0.01214   0.00509  -0.0229   0.1005   1.0000
   6.000   0.7694   0.01239   0.00529  -0.0226   0.0912   1.0000
   6.100   0.7787   0.01260   0.00546  -0.0223   0.0837   1.0000
   6.200   0.7878   0.01285   0.00567  -0.0220   0.0772   1.0000
   6.300   0.7971   0.01305   0.00586  -0.0217   0.0719   1.0000
   6.400   0.8058   0.01335   0.00611  -0.0213   0.0667   1.0000
   6.500   0.8156   0.01350   0.00629  -0.0210   0.0633   1.0000
   6.600   0.8249   0.01372   0.00649  -0.0207   0.0599   1.0000
   6.700   0.8328   0.01411   0.00685  -0.0202   0.0560   1.0000
   6.800   0.8428   0.01425   0.00701  -0.0200   0.0541   1.0000
   6.900   0.8524   0.01443   0.00721  -0.0198   0.0518   1.0000
   7.000   0.8617   0.01463   0.00741  -0.0195   0.0496   1.0000
   7.100   0.8700   0.01497   0.00772  -0.0190   0.0473   1.0000
   7.200   0.8784   0.01531   0.00807  -0.0186   0.0455   1.0000
   7.300   0.8881   0.01547   0.00827  -0.0183   0.0441   1.0000
   7.400   0.8974   0.01568   0.00850  -0.0181   0.0427   1.0000
   7.500   0.9066   0.01590   0.00873  -0.0178   0.0413   1.0000
   7.600   0.9156   0.01615   0.00898  -0.0174   0.0401   1.0000
   7.700   0.9235   0.01653   0.00935  -0.0170   0.0387   1.0000
   7.800   0.9300   0.01710   0.00992  -0.0163   0.0374   1.0000
   7.900   0.9397   0.01726   0.01012  -0.0160   0.0367   1.0000
   8.000   0.9490   0.01746   0.01036  -0.0157   0.0357   1.0000
   8.100   0.9582   0.01768   0.01061  -0.0154   0.0348   1.0000
   8.200   0.9672   0.01792   0.01085  -0.0151   0.0338   1.0000
   8.300   0.9760   0.01817   0.01111  -0.0148   0.0330   1.0000
   8.400   0.9845   0.01846   0.01142  -0.0144   0.0322   1.0000
   8.500   0.9920   0.01888   0.01184  -0.0140   0.0315   1.0000
   8.600   0.9975   0.01963   0.01259  -0.0132   0.0306   1.0000
   8.700   1.0056   0.02002   0.01302  -0.0127   0.0301   1.0000
   8.800   1.0145   0.02028   0.01332  -0.0124   0.0297   1.0000
   8.900   1.0231   0.02057   0.01366  -0.0120   0.0292   1.0000
   9.000   1.0316   0.02088   0.01401  -0.0116   0.0286   1.0000
   9.100   1.0400   0.02119   0.01435  -0.0113   0.0280   1.0000
   9.200   1.0484   0.02150   0.01468  -0.0109   0.0275   1.0000
   9.300   1.0567   0.02179   0.01499  -0.0105   0.0269   1.0000
   9.400   1.0649   0.02209   0.01530  -0.0102   0.0264   1.0000
   9.500   1.0728   0.02242   0.01564  -0.0098   0.0259   1.0000
   9.600   1.0801   0.02287   0.01610  -0.0093   0.0254   1.0000
   9.700   1.0860   0.02364   0.01688  -0.0087   0.0249   1.0000
   9.800   1.0918   0.02457   0.01785  -0.0081   0.0245   1.0000
   9.900   1.0998   0.02488   0.01823  -0.0077   0.0242   1.0000
  10.000   1.1076   0.02526   0.01867  -0.0072   0.0239   1.0000
  10.100   1.1152   0.02568   0.01916  -0.0068   0.0236   1.0000
  10.200   1.1225   0.02614   0.01967  -0.0063   0.0233   1.0000
  10.300   1.1297   0.02662   0.02021  -0.0058   0.0230   1.0000
  10.400   1.1366   0.02711   0.02076  -0.0053   0.0227   1.0000
  10.500   1.1435   0.02761   0.02132  -0.0048   0.0224   1.0000
  10.600   1.1502   0.02812   0.02187  -0.0043   0.0221   1.0000
  10.700   1.1567   0.02862   0.02243  -0.0037   0.0218   1.0000
  10.800   1.1631   0.02911   0.02297  -0.0032   0.0216   1.0000
  10.900   1.1694   0.02957   0.02347  -0.0027   0.0213   1.0000
  11.000   1.1755   0.03003   0.02395  -0.0022   0.0210   1.0000
  11.100   1.1815   0.03049   0.02444  -0.0017   0.0208   1.0000
  11.200   1.1872   0.03102   0.02498  -0.0011   0.0205   1.0000
  11.300   1.1923   0.03169   0.02568  -0.0006   0.0203   1.0000
  11.400   1.1962   0.03274   0.02677   0.0000   0.0200   1.0000
  11.500   1.1967   0.03457   0.02872   0.0009   0.0197   1.0000
  11.600   1.2003   0.03499   0.02922   0.0017   0.0196   1.0000
  11.700   1.2034   0.03551   0.02984   0.0026   0.0194   1.0000
  11.800   1.2053   0.03611   0.03054   0.0036   0.0193   1.0000
  11.900   1.2062   0.03679   0.03131   0.0047   0.0191   1.0000
  12.000   1.2066   0.03755   0.03217   0.0058   0.0190   1.0000
  12.100   1.2064   0.03838   0.03309   0.0069   0.0189   1.0000
  12.200   1.2057   0.03926   0.03407   0.0079   0.0188   1.0000
  12.300   1.2045   0.04019   0.03510   0.0089   0.0187   1.0000
  12.400   1.2028   0.04118   0.03618   0.0098   0.0186   1.0000
  12.500   1.2006   0.04222   0.03732   0.0107   0.0185   1.0000
  12.600   1.1979   0.04333   0.03853   0.0115   0.0184   1.0000
  12.700   1.1948   0.04451   0.03980   0.0121   0.0183   1.0000
  12.800   1.1912   0.04576   0.04115   0.0127   0.0183   1.0000
  12.900   1.1871   0.04710   0.04258   0.0131   0.0182   1.0000
  13.000   1.1825   0.04852   0.04410   0.0134   0.0181   1.0000
  13.100   1.1775   0.05005   0.04573   0.0136   0.0181   1.0000
  13.200   1.1720   0.05169   0.04746   0.0136   0.0181   1.0000
  13.300   1.1659   0.05346   0.04932   0.0133   0.0180   1.0000
  13.400   1.1594   0.05536   0.05133   0.0129   0.0180   1.0000
  13.500   1.1524   0.05741   0.05348   0.0123   0.0180   1.0000
  13.600   1.1448   0.05962   0.05577   0.0115   0.0180   1.0000
  13.700   1.1367   0.06201   0.05825   0.0105   0.0180   1.0000
  13.800   1.1280   0.06459   0.06093   0.0092   0.0180   1.0000
  13.900   1.1187   0.06736   0.06380   0.0077   0.0180   1.0000
  14.000   1.1088   0.07036   0.06688   0.0059   0.0180   1.0000
  14.100   1.0983   0.07359   0.07021   0.0039   0.0181   1.0000
  14.200   1.0872   0.07707   0.07378   0.0017   0.0181   1.0000
  14.300   1.0754   0.08079   0.07758  -0.0008   0.0182   1.0000
  14.400   1.0629   0.08479   0.08166  -0.0035   0.0183   1.0000
  14.500   1.0498   0.08908   0.08604  -0.0064   0.0184   1.0000
  14.600   1.0359   0.09369   0.09072  -0.0095   0.0185   1.0000
  14.700   1.0211   0.09863   0.09574  -0.0128   0.0187   1.0000
  14.800   1.0053   0.10403   0.10120  -0.0164   0.0188   1.0000
  14.900   0.9881   0.11000   0.10724  -0.0202   0.0190   1.0000
  15.000   0.9688   0.11667   0.11397  -0.0243   0.0192   1.0000

