 -10.000  -0.9578   0.02124   0.01466  -0.0343   0.9989   0.0499
  -9.900  -0.9443   0.02101   0.01439  -0.0349   0.9980   0.0507
  -9.800  -0.9305   0.02082   0.01413  -0.0356   0.9969   0.0515
  -9.700  -0.9180   0.02041   0.01372  -0.0362   0.9958   0.0523
  -9.600  -0.9054   0.02004   0.01338  -0.0368   0.9948   0.0531
  -9.500  -0.8918   0.01980   0.01314  -0.0376   0.9938   0.0539
  -9.400  -0.8778   0.01958   0.01292  -0.0384   0.9929   0.0548
  -9.300  -0.8635   0.01937   0.01270  -0.0392   0.9920   0.0557
  -9.200  -0.8490   0.01917   0.01247  -0.0400   0.9913   0.0567
  -9.100  -0.8354   0.01900   0.01225  -0.0406   0.9902   0.0576
  -9.000  -0.8235   0.01870   0.01193  -0.0410   0.9886   0.0586
  -8.900  -0.8115   0.01835   0.01161  -0.0414   0.9870   0.0597
  -8.800  -0.7981   0.01813   0.01141  -0.0421   0.9857   0.0607
  -8.700  -0.7842   0.01795   0.01122  -0.0428   0.9844   0.0619
  -8.600  -0.7699   0.01777   0.01103  -0.0436   0.9833   0.0632
  -8.500  -0.7552   0.01761   0.01083  -0.0444   0.9823   0.0644
  -8.400  -0.7407   0.01737   0.01056  -0.0452   0.9814   0.0656
  -8.300  -0.7268   0.01703   0.01026  -0.0460   0.9806   0.0670
  -8.200  -0.7118   0.01683   0.01008  -0.0469   0.9798   0.0684
  -8.100  -0.6964   0.01666   0.00990  -0.0479   0.9792   0.0700
  -8.000  -0.6861   0.01652   0.00974  -0.0478   0.9764   0.0714
  -7.900  -0.6730   0.01639   0.00957  -0.0482   0.9745   0.0728
  -7.800  -0.6604   0.01606   0.00928  -0.0487   0.9729   0.0746
  -7.700  -0.6464   0.01584   0.00908  -0.0494   0.9715   0.0763
  -7.600  -0.6316   0.01567   0.00891  -0.0503   0.9704   0.0781
  -7.500  -0.6163   0.01552   0.00874  -0.0512   0.9694   0.0801
  -7.400  -0.6007   0.01536   0.00855  -0.0521   0.9686   0.0820
  -7.300  -0.5859   0.01505   0.00829  -0.0530   0.9678   0.0844
  -7.200  -0.5701   0.01486   0.00812  -0.0541   0.9671   0.0868
  -7.100  -0.5538   0.01471   0.00796  -0.0552   0.9666   0.0893
  -7.000  -0.5374   0.01456   0.00778  -0.0563   0.9660   0.0917
  -6.900  -0.5304   0.01433   0.00759  -0.0555   0.9618   0.0940
  -6.800  -0.5172   0.01415   0.00744  -0.0560   0.9598   0.0966
  -6.700  -0.5030   0.01401   0.00729  -0.0567   0.9582   0.0994
  -6.500  -0.4748   0.01362   0.00692  -0.0579   0.9555   0.1056
  -6.400  -0.4604   0.01345   0.00677  -0.0586   0.9543   0.1091
  -6.300  -0.4457   0.01332   0.00663  -0.0593   0.9532   0.1125
  -6.200  -0.4316   0.01311   0.00644  -0.0600   0.9521   0.1162
  -6.100  -0.4211   0.01295   0.00632  -0.0599   0.9493   0.1197
  -6.000  -0.4111   0.01284   0.00621  -0.0596   0.9458   0.1233
  -5.900  -0.3990   0.01273   0.00608  -0.0597   0.9433   0.1268
  -5.800  -0.3872   0.01252   0.00592  -0.0599   0.9411   0.1313
  -5.700  -0.3744   0.01238   0.00579  -0.0602   0.9393   0.1359
  -5.500  -0.3487   0.01207   0.00552  -0.0609   0.9360   0.1454
  -5.400  -0.3398   0.01197   0.00544  -0.0604   0.9321   0.1500
  -5.300  -0.3293   0.01189   0.00534  -0.0601   0.9286   0.1544
  -5.200  -0.3185   0.01172   0.00521  -0.0601   0.9256   0.1599
  -5.100  -0.3069   0.01159   0.00510  -0.0601   0.9231   0.1657
  -5.000  -0.2948   0.01147   0.00498  -0.0602   0.9208   0.1712
  -4.900  -0.2836   0.01132   0.00487  -0.0602   0.9183   0.1774
  -4.800  -0.2743   0.01124   0.00480  -0.0597   0.9139   0.1831
  -4.700  -0.2639   0.01113   0.00470  -0.0595   0.9102   0.1890
  -4.600  -0.2531   0.01100   0.00461  -0.0594   0.9070   0.1958
  -4.400  -0.2302   0.01076   0.00440  -0.0594   0.9017   0.2096
  -4.300  -0.2207   0.01069   0.00434  -0.0590   0.8970   0.2165
  -4.200  -0.2104   0.01059   0.00426  -0.0587   0.8928   0.2234
  -4.100  -0.1997   0.01048   0.00417  -0.0586   0.8891   0.2312
  -4.000  -0.1884   0.01038   0.00408  -0.0585   0.8860   0.2388
  -3.900  -0.1778   0.01028   0.00400  -0.0584   0.8823   0.2468
  -3.700  -0.1572   0.01010   0.00388  -0.0579   0.8733   0.2629
  -3.600  -0.1460   0.01003   0.00380  -0.0578   0.8696   0.2716
  -3.500  -0.1351   0.00992   0.00372  -0.0577   0.8661   0.2803
  -3.400  -0.1249   0.00986   0.00367  -0.0574   0.8610   0.2891
  -3.300  -0.1146   0.00976   0.00361  -0.0572   0.8562   0.2981
  -3.200  -0.1036   0.00970   0.00354  -0.0571   0.8520   0.3076
  -3.100  -0.0926   0.00960   0.00347  -0.0570   0.8484   0.3172
  -2.900  -0.0720   0.00945   0.00338  -0.0566   0.8380   0.3371
  -2.800  -0.0611   0.00938   0.00331  -0.0564   0.8335   0.3475
  -2.700  -0.0503   0.00930   0.00325  -0.0563   0.8293   0.3586
  -2.600  -0.0401   0.00922   0.00322  -0.0561   0.8237   0.3694
  -2.500  -0.0295   0.00915   0.00316  -0.0559   0.8185   0.3814
  -2.400  -0.0189   0.00907   0.00310  -0.0557   0.8140   0.3938
  -2.300  -0.0084   0.00900   0.00306  -0.0555   0.8090   0.4065
  -2.100   0.0124   0.00884   0.00299  -0.0551   0.7982   0.4358
  -2.000   0.0229   0.00877   0.00294  -0.0549   0.7936   0.4514
  -1.900   0.0331   0.00869   0.00292  -0.0546   0.7877   0.4674
  -1.800   0.0434   0.00862   0.00289  -0.0544   0.7820   0.4843
  -1.700   0.0538   0.00856   0.00286  -0.0542   0.7771   0.5014
  -1.600   0.0641   0.00850   0.00284  -0.0540   0.7716   0.5184
  -1.500   0.0744   0.00844   0.00283  -0.0537   0.7657   0.5356
  -1.300   0.0950   0.00834   0.00279  -0.0532   0.7550   0.5694
  -1.200   0.1052   0.00828   0.00278  -0.0529   0.7489   0.5856
  -1.100   0.1155   0.00824   0.00276  -0.0527   0.7433   0.6016
  -1.000   0.1258   0.00821   0.00275  -0.0524   0.7381   0.6173
  -0.900   0.1362   0.00817   0.00275  -0.0521   0.7320   0.6326
  -0.800   0.1465   0.00814   0.00274  -0.0519   0.7261   0.6480
  -0.600   0.1670   0.00807   0.00275  -0.0513   0.7147   0.6774
  -0.500   0.1773   0.00805   0.00275  -0.0510   0.7088   0.6915
  -0.300   0.1978   0.00802   0.00276  -0.0504   0.6975   0.7199
  -0.200   0.2080   0.00800   0.00277  -0.0501   0.6915   0.7334
  -0.100   0.2183   0.00800   0.00277  -0.0498   0.6859   0.7467
   0.000   0.2285   0.00799   0.00279  -0.0495   0.6803   0.7604
   0.100   0.2387   0.00798   0.00281  -0.0491   0.6744   0.7732
   0.200   0.2489   0.00799   0.00282  -0.0488   0.6688   0.7859
   0.300   0.2592   0.00800   0.00284  -0.0485   0.6634   0.7987
   0.400   0.2694   0.00799   0.00287  -0.0481   0.6574   0.8107
   0.500   0.2795   0.00801   0.00288  -0.0478   0.6518   0.8230
   0.600   0.2897   0.00804   0.00291  -0.0474   0.6467   0.8346
   0.700   0.3000   0.00805   0.00294  -0.0471   0.6409   0.8457
   0.800   0.3102   0.00807   0.00297  -0.0467   0.6353   0.8572
   0.900   0.3204   0.00812   0.00300  -0.0463   0.6302   0.8673
   1.000   0.3306   0.00814   0.00303  -0.0460   0.6248   0.8780
   1.100   0.3413   0.00818   0.00308  -0.0457   0.6193   0.8870
   1.200   0.3513   0.00823   0.00310  -0.0453   0.6141   0.8971
   1.300   0.3624   0.00829   0.00315  -0.0451   0.6091   0.9049
   1.400   0.3729   0.00832   0.00319  -0.0448   0.6037   0.9139
   1.500   0.3846   0.00838   0.00323  -0.0448   0.5984   0.9208
   1.600   0.3958   0.00846   0.00327  -0.0446   0.5937   0.9284
   1.700   0.4074   0.00851   0.00332  -0.0446   0.5885   0.9352
   1.800   0.4206   0.00857   0.00336  -0.0449   0.5831   0.9407
   1.900   0.4318   0.00864   0.00340  -0.0448   0.5782   0.9477
   2.000   0.4455   0.00872   0.00345  -0.0452   0.5735   0.9522
   2.100   0.4602   0.00878   0.00350  -0.0459   0.5682   0.9563
   2.200   0.4735   0.00885   0.00355  -0.0462   0.5630   0.9613
   2.300   0.4867   0.00893   0.00359  -0.0466   0.5583   0.9659
   2.400   0.5033   0.00900   0.00364  -0.0477   0.5533   0.9683
   2.500   0.5196   0.00906   0.00369  -0.0487   0.5479   0.9710
   2.600   0.5357   0.00914   0.00373  -0.0498   0.5428   0.9738
   2.800   0.5668   0.00929   0.00383  -0.0516   0.5331   0.9796
   2.900   0.5845   0.00935   0.00387  -0.0529   0.5277   0.9812
   3.000   0.6014   0.00943   0.00391  -0.0542   0.5227   0.9831
   3.100   0.6181   0.00950   0.00395  -0.0554   0.5179   0.9853
   3.200   0.6345   0.00955   0.00400  -0.0565   0.5126   0.9878
   3.300   0.6499   0.00962   0.00404  -0.0574   0.5075   0.9906
   3.400   0.6672   0.00970   0.00407  -0.0587   0.5026   0.9921
   3.500   0.6852   0.00974   0.00411  -0.0602   0.4973   0.9939
   3.600   0.7033   0.00978   0.00415  -0.0617   0.4918   0.9959
   3.700   0.7213   0.00986   0.00419  -0.0631   0.4865   0.9981
   3.800   0.7393   0.00993   0.00424  -0.0646   0.4814   1.0000
   3.900   0.7479   0.00995   0.00426  -0.0642   0.4768   1.0000
   4.000   0.7563   0.00999   0.00428  -0.0637   0.4723   1.0000
   4.100   0.7644   0.01006   0.00430  -0.0631   0.4680   1.0000
   4.200   0.7728   0.01010   0.00434  -0.0626   0.4638   1.0000
   4.300   0.7814   0.01013   0.00437  -0.0622   0.4592   1.0000
   4.400   0.7897   0.01018   0.00440  -0.0616   0.4545   1.0000
   4.500   0.7977   0.01025   0.00444  -0.0610   0.4501   1.0000
   4.600   0.8061   0.01030   0.00448  -0.0605   0.4459   1.0000
   4.700   0.8146   0.01034   0.00452  -0.0600   0.4411   1.0000
   4.800   0.8228   0.01039   0.00456  -0.0595   0.4363   1.0000
   4.900   0.8307   0.01047   0.00460  -0.0588   0.4319   1.0000
   5.000   0.8391   0.01053   0.00465  -0.0583   0.4273   1.0000
   5.100   0.8476   0.01057   0.00470  -0.0578   0.4224   1.0000
   5.200   0.8557   0.01064   0.00475  -0.0572   0.4175   1.0000
   5.300   0.8634   0.01074   0.00480  -0.0565   0.4129   1.0000
   5.400   0.8721   0.01077   0.00486  -0.0560   0.4080   1.0000
   5.500   0.8804   0.01083   0.00491  -0.0555   0.4027   1.0000
   5.600   0.8883   0.01092   0.00497  -0.0548   0.3977   1.0000
   5.700   0.8964   0.01100   0.00503  -0.0543   0.3928   1.0000
   5.800   0.9049   0.01105   0.00508  -0.0537   0.3873   1.0000
   5.900   0.9129   0.01114   0.00514  -0.0531   0.3818   1.0000
   6.000   0.9207   0.01124   0.00521  -0.0525   0.3767   1.0000
   6.100   0.9293   0.01130   0.00528  -0.0520   0.3711   1.0000
   6.200   0.9373   0.01139   0.00535  -0.0513   0.3653   1.0000
   6.300   0.9448   0.01151   0.00543  -0.0507   0.3599   1.0000
   6.400   0.9534   0.01157   0.00550  -0.0502   0.3541   1.0000
   6.500   0.9613   0.01167   0.00558  -0.0495   0.3480   1.0000
   6.600   0.9688   0.01180   0.00566  -0.0488   0.3424   1.0000
   6.700   0.9773   0.01188   0.00574  -0.0483   0.3363   1.0000
   6.800   0.9851   0.01200   0.00583  -0.0477   0.3300   1.0000
   6.900   0.9929   0.01212   0.00593  -0.0471   0.3242   1.0000
   7.000   1.0012   0.01222   0.00602  -0.0465   0.3177   1.0000
   7.100   1.0087   0.01236   0.00612  -0.0459   0.3114   1.0000
   7.200   1.0170   0.01247   0.00622  -0.0453   0.3052   1.0000
   7.300   1.0250   0.01260   0.00633  -0.0448   0.2984   1.0000
   7.400   1.0324   0.01276   0.00645  -0.0441   0.2922   1.0000
   7.500   1.0409   0.01287   0.00655  -0.0436   0.2856   1.0000
   7.600   1.0485   0.01303   0.00667  -0.0430   0.2788   1.0000
   7.700   1.0565   0.01317   0.00680  -0.0425   0.2724   1.0000
   7.800   1.0644   0.01332   0.00693  -0.0419   0.2654   1.0000
   7.900   1.0717   0.01350   0.00707  -0.0413   0.2590   1.0000
   8.000   1.0800   0.01364   0.00719  -0.0408   0.2522   1.0000
   8.100   1.0871   0.01383   0.00734  -0.0401   0.2454   1.0000
   8.200   1.0951   0.01399   0.00748  -0.0396   0.2388   1.0000
   8.300   1.1025   0.01417   0.00763  -0.0390   0.2318   1.0000
   8.400   1.1098   0.01436   0.00779  -0.0383   0.2255   1.0000
   8.500   1.1175   0.01453   0.00795  -0.0378   0.2187   1.0000
   8.700   1.1319   0.01492   0.00828  -0.0365   0.2057   1.0000
   8.800   1.1385   0.01514   0.00847  -0.0358   0.1992   1.0000
   8.900   1.1456   0.01534   0.00864  -0.0352   0.1931   1.0000
   9.000   1.1525   0.01555   0.00883  -0.0345   0.1868   1.0000
   9.100   1.1585   0.01580   0.00903  -0.0337   0.1809   1.0000
   9.200   1.1656   0.01598   0.00921  -0.0331   0.1751   1.0000
   9.300   1.1710   0.01622   0.00942  -0.0322   0.1693   1.0000
   9.400   1.1768   0.01644   0.00962  -0.0313   0.1641   1.0000
   9.500   1.1828   0.01666   0.00982  -0.0305   0.1587   1.0000
   9.600   1.1874   0.01694   0.01006  -0.0295   0.1536   1.0000
   9.700   1.1938   0.01715   0.01026  -0.0288   0.1488   1.0000
   9.800   1.1994   0.01740   0.01050  -0.0279   0.1438   1.0000
   9.900   1.2037   0.01771   0.01077  -0.0269   0.1393   1.0000
  10.000   1.2103   0.01792   0.01099  -0.0263   0.1350   1.0000
  10.100   1.2157   0.01820   0.01124  -0.0255   0.1306   1.0000
  10.200   1.2198   0.01854   0.01155  -0.0245   0.1265   1.0000
  10.300   1.2262   0.01877   0.01180  -0.0238   0.1228   1.0000
  10.400   1.2317   0.01905   0.01207  -0.0231   0.1190   1.0000
  10.500   1.2360   0.01940   0.01239  -0.0222   0.1155   1.0000
  10.600   1.2411   0.01971   0.01270  -0.0214   0.1123   1.0000
  10.700   1.2470   0.01999   0.01298  -0.0208   0.1090   1.0000
  10.800   1.2517   0.02032   0.01330  -0.0200   0.1059   1.0000
  10.900   1.2552   0.02074   0.01369  -0.0191   0.1030   1.0000
  11.000   1.2607   0.02104   0.01401  -0.0184   0.1004   1.0000
  11.100   1.2662   0.02135   0.01433  -0.0178   0.0978   1.0000
  11.200   1.2707   0.02172   0.01469  -0.0170   0.0952   1.0000
  11.300   1.2740   0.02217   0.01513  -0.0162   0.0930   1.0000
  11.400   1.2780   0.02258   0.01554  -0.0154   0.0908   1.0000
  11.500   1.2838   0.02290   0.01588  -0.0149   0.0887   1.0000
  11.600   1.2884   0.02328   0.01627  -0.0142   0.0866   1.0000
  11.700   1.2921   0.02373   0.01671  -0.0135   0.0846   1.0000
  11.800   1.2945   0.02427   0.01724  -0.0127   0.0828   1.0000
  11.900   1.2982   0.02474   0.01772  -0.0120   0.0812   1.0000
  12.000   1.3036   0.02510   0.01811  -0.0115   0.0795   1.0000
  12.100   1.3081   0.02553   0.01856  -0.0109   0.0778   1.0000
  12.200   1.3116   0.02602   0.01906  -0.0103   0.0763   1.0000
  12.300   1.3142   0.02659   0.01963  -0.0096   0.0749   1.0000
  12.400   1.3152   0.02729   0.02032  -0.0089   0.0735   1.0000
  12.500   1.3191   0.02779   0.02084  -0.0083   0.0723   1.0000
  12.600   1.3238   0.02825   0.02133  -0.0079   0.0710   1.0000
  12.700   1.3279   0.02875   0.02186  -0.0074   0.0697   1.0000
  12.800   1.3312   0.02931   0.02243  -0.0070   0.0685   1.0000
  12.900   1.3336   0.02995   0.02308  -0.0064   0.0674   1.0000
  13.000   1.3350   0.03069   0.02382  -0.0059   0.0663   1.0000
  13.100   1.3346   0.03158   0.02471  -0.0053   0.0653   1.0000
  13.200   1.3384   0.03215   0.02531  -0.0049   0.0643   1.0000
  13.300   1.3423   0.03272   0.02592  -0.0045   0.0633   1.0000
  13.400   1.3457   0.03334   0.02658  -0.0042   0.0624   1.0000
  13.500   1.3487   0.03400   0.02726  -0.0039   0.0614   1.0000
  13.600   1.3509   0.03473   0.02801  -0.0035   0.0606   1.0000
  13.700   1.3523   0.03554   0.02883  -0.0032   0.0598   1.0000
  13.800   1.3527   0.03646   0.02975  -0.0028   0.0590   1.0000
  13.900   1.3519   0.03750   0.03080  -0.0024   0.0583   1.0000
  14.000   1.3522   0.03845   0.03177  -0.0021   0.0576   1.0000
  14.100   1.3555   0.03914   0.03251  -0.0019   0.0569   1.0000
  14.200   1.3582   0.03990   0.03331  -0.0017   0.0562   1.0000
  14.300   1.3604   0.04070   0.03415  -0.0015   0.0554   1.0000
  14.400   1.3622   0.04155   0.03503  -0.0013   0.0547   1.0000
  14.500   1.3638   0.04244   0.03593  -0.0012   0.0541   1.0000
  14.600   1.3648   0.04338   0.03690  -0.0010   0.0535   1.0000
  14.700   1.3651   0.04441   0.03794  -0.0009   0.0529   1.0000
  14.800   1.3646   0.04553   0.03907  -0.0008   0.0523   1.0000
  14.900   1.3630   0.04676   0.04031  -0.0006   0.0518   1.0000
  15.000   1.3613   0.04801   0.04156  -0.0005   0.0512   1.0000
